  ΗΜΕΡΑ-ΩΡΑ ΕΚΤΕΛΕΣΗΣ : 24/11/2025 09:21:32
PORTFOLIO;ΚΩΔΙΚΟΣ ΕΔΡΕΘ;TIMESTAMP;ΕΝΕΡΓΕΙΑ (kWh)
GREEN_VALUE_BZ01_NDR_MS_C;26468;30/09/2025 01:15;0
GREEN_VALUE_BZ01_NDR_MS_C;26468;30/09/2025 01:30;0
GREEN_VALUE_BZ01_NDR_MS_C;26468;30/09/2025 01:45;0
GREEN_VALUE_BZ01_NDR_MS_C;26468;30/09/2025 02:00;0
GREEN_VALUE_BZ01_NDR_MS_C;26468;30/09/2025 02:15;0
GREEN_VALUE_BZ01_NDR_MS_C;26468;30/09/2025 02:30;0
GREEN_VALUE_BZ01_NDR_MS_C;26468;30/09/2025 02:45;0
GREEN_VALUE_BZ01_NDR_MS_C;26468;30/09/2025 03:00;0
GREEN_VALUE_BZ01_NDR_MS_C;26468;30/09/2025 03:15;0
GREEN_VALUE_BZ01_NDR_MS_C;26468;30/09/2025 03:30;0
GREEN_VALUE_BZ01_NDR_MS_C;26468;30/09/2025 03:45;0
GREEN_VALUE_BZ01_NDR_MS_C;26468;30/09/2025 04:00;0
GREEN_VALUE_BZ01_NDR_MS_C;26468;30/09/2025 04:15;0
GREEN_VALUE_BZ01_NDR_MS_C;26468;30/09/2025 04:30;0
GREEN_VALUE_BZ01_NDR_MS_C;26468;30/09/2025 04:45;0
GREEN_VALUE_BZ01_NDR_MS_C;26468;30/09/2025 05:00;0
GREEN_VALUE_BZ01_NDR_MS_C;26468;30/09/2025 05:15;0
GREEN_VALUE_BZ01_NDR_MS_C;26468;30/09/2025 05:30;0
GREEN_VALUE_BZ01_NDR_MS_C;26468;30/09/2025 05:45;0
GREEN_VALUE_BZ01_NDR_MS_C;26468;30/09/2025 06:00;0
GREEN_VALUE_BZ01_NDR_MS_C;26468;30/09/2025 06:15;0
GREEN_VALUE_BZ01_NDR_MS_C;26468;30/09/2025 06:30;0
GREEN_VALUE_BZ01_NDR_MS_C;26468;30/09/2025 06:45;0
GREEN_VALUE_BZ01_NDR_MS_C;26468;30/09/2025 07:00;0
GREEN_VALUE_BZ01_NDR_MS_C;26468;30/09/2025 07:15;0
GREEN_VALUE_BZ01_NDR_MS_C;26468;30/09/2025 07:30;0
GREEN_VALUE_BZ01_NDR_MS_C;26468;30/09/2025 07:45;0
GREEN_VALUE_BZ01_NDR_MS_C;26468;30/09/2025 08:00;0
GREEN_VALUE_BZ01_NDR_MS_C;26468;30/09/2025 08:15;0
GREEN_VALUE_BZ01_NDR_MS_C;26468;30/09/2025 08:30;0
GREEN_VALUE_BZ01_NDR_MS_C;26468;30/09/2025 08:45;0
GREEN_VALUE_BZ01_NDR_MS_C;26468;30/09/2025 09:00;0
GREEN_VALUE_BZ01_NDR_MS_C;26468;30/09/2025 09:15;0
GREEN_VALUE_BZ01_NDR_MS_C;26468;30/09/2025 09:30;0
GREEN_VALUE_BZ01_NDR_MS_C;26468;30/09/2025 09:45;0
GREEN_VALUE_BZ01_NDR_MS_C;26468;30/09/2025 10:00;0
GREEN_VALUE_BZ01_NDR_MS_C;26468;30/09/2025 10:15;0
GREEN_VALUE_BZ01_NDR_MS_C;26468;30/09/2025 10:30;0
GREEN_VALUE_BZ01_NDR_MS_C;26468;30/09/2025 10:45;0
GREEN_VALUE_BZ01_NDR_MS_C;26468;30/09/2025 11:00;0
GREEN_VALUE_BZ01_NDR_MS_C;26468;30/09/2025 11:15;0
GREEN_VALUE_BZ01_NDR_MS_C;26468;30/09/2025 11:30;0
GREEN_VALUE_BZ01_NDR_MS_C;26468;30/09/2025 11:45;0
GREEN_VALUE_BZ01_NDR_MS_C;26468;30/09/2025 12:00;0
GREEN_VALUE_BZ01_NDR_MS_C;26468;30/09/2025 12:15;0
GREEN_VALUE_BZ01_NDR_MS_C;26468;30/09/2025 12:30;0
GREEN_VALUE_BZ01_NDR_MS_C;26468;30/09/2025 12:45;0
GREEN_VALUE_BZ01_NDR_MS_C;26468;30/09/2025 13:00;0
GREEN_VALUE_BZ01_NDR_MS_C;26468;30/09/2025 13:15;0
GREEN_VALUE_BZ01_NDR_MS_C;26468;30/09/2025 13:30;0
GREEN_VALUE_BZ01_NDR_MS_C;26468;30/09/2025 13:45;0
GREEN_VALUE_BZ01_NDR_MS_C;26468;30/09/2025 14:00;0
GREEN_VALUE_BZ01_NDR_MS_C;26468;30/09/2025 14:15;0
GREEN_VALUE_BZ01_NDR_MS_C;26468;30/09/2025 14:30;0
GREEN_VALUE_BZ01_NDR_MS_C;26468;30/09/2025 14:45;0
GREEN_VALUE_BZ01_NDR_MS_C;26468;30/09/2025 15:00;0
GREEN_VALUE_BZ01_NDR_MS_C;26468;30/09/2025 15:15;0
GREEN_VALUE_BZ01_NDR_MS_C;26468;30/09/2025 15:30;0
GREEN_VALUE_BZ01_NDR_MS_C;26468;30/09/2025 15:45;0
GREEN_VALUE_BZ01_NDR_MS_C;26468;30/09/2025 16:00;0
GREEN_VALUE_BZ01_NDR_MS_C;26468;30/09/2025 16:15;0
GREEN_VALUE_BZ01_NDR_MS_C;26468;30/09/2025 16:30;0
GREEN_VALUE_BZ01_NDR_MS_C;26468;30/09/2025 16:45;0
GREEN_VALUE_BZ01_NDR_MS_C;26468;30/09/2025 17:00;0
GREEN_VALUE_BZ01_NDR_MS_C;26468;30/09/2025 17:15;0
GREEN_VALUE_BZ01_NDR_MS_C;26468;30/09/2025 17:30;0
GREEN_VALUE_BZ01_NDR_MS_C;26468;30/09/2025 17:45;0
GREEN_VALUE_BZ01_NDR_MS_C;26468;30/09/2025 18:00;0
GREEN_VALUE_BZ01_NDR_MS_C;26468;30/09/2025 18:15;0
GREEN_VALUE_BZ01_NDR_MS_C;26468;30/09/2025 18:30;0
GREEN_VALUE_BZ01_NDR_MS_C;26468;30/09/2025 18:45;0
GREEN_VALUE_BZ01_NDR_MS_C;26468;30/09/2025 19:00;0
GREEN_VALUE_BZ01_NDR_MS_C;26468;30/09/2025 19:15;0
GREEN_VALUE_BZ01_NDR_MS_C;26468;30/09/2025 19:30;0
GREEN_VALUE_BZ01_NDR_MS_C;26468;30/09/2025 19:45;0
GREEN_VALUE_BZ01_NDR_MS_C;26468;30/09/2025 20:00;0
GREEN_VALUE_BZ01_NDR_MS_C;26468;30/09/2025 20:15;0
GREEN_VALUE_BZ01_NDR_MS_C;26468;30/09/2025 20:30;0
GREEN_VALUE_BZ01_NDR_MS_C;26468;30/09/2025 20:45;0
GREEN_VALUE_BZ01_NDR_MS_C;26468;30/09/2025 21:00;0
GREEN_VALUE_BZ01_NDR_MS_C;26468;30/09/2025 21:15;0
GREEN_VALUE_BZ01_NDR_MS_C;26468;30/09/2025 21:30;0
GREEN_VALUE_BZ01_NDR_MS_C;26468;30/09/2025 21:45;0
GREEN_VALUE_BZ01_NDR_MS_C;26468;30/09/2025 22:00;0
GREEN_VALUE_BZ01_NDR_MS_C;26468;30/09/2025 22:15;0
GREEN_VALUE_BZ01_NDR_MS_C;26468;30/09/2025 22:30;0
GREEN_VALUE_BZ01_NDR_MS_C;26468;30/09/2025 22:45;0
GREEN_VALUE_BZ01_NDR_MS_C;26468;30/09/2025 23:00;0
GREEN_VALUE_BZ01_NDR_MS_C;26468;30/09/2025 23:15;0
GREEN_VALUE_BZ01_NDR_MS_C;26468;30/09/2025 23:30;0
GREEN_VALUE_BZ01_NDR_MS_C;26468;30/09/2025 23:45;0
GREEN_VALUE_BZ01_NDR_MS_C;26468;30/09/2025 24:00;0
GREEN_VALUE_BZ01_NDR_MS_C;26468;01/10/2025 00:15;0
GREEN_VALUE_BZ01_NDR_MS_C;26468;01/10/2025 00:30;0
GREEN_VALUE_BZ01_NDR_MS_C;26468;01/10/2025 00:45;0
GREEN_VALUE_BZ01_NDR_MS_C;26468;01/10/2025 01:00;0
GREEN_VALUE_BZ01_NDR_MS_N;16543;30/09/2025 01:15;0
GREEN_VALUE_BZ01_NDR_MS_N;16543;30/09/2025 01:30;0
GREEN_VALUE_BZ01_NDR_MS_N;16543;30/09/2025 01:45;0
GREEN_VALUE_BZ01_NDR_MS_N;16543;30/09/2025 02:00;0
GREEN_VALUE_BZ01_NDR_MS_N;16543;30/09/2025 02:15;0
GREEN_VALUE_BZ01_NDR_MS_N;16543;30/09/2025 02:30;0
GREEN_VALUE_BZ01_NDR_MS_N;16543;30/09/2025 02:45;0
GREEN_VALUE_BZ01_NDR_MS_N;16543;30/09/2025 03:00;0
GREEN_VALUE_BZ01_NDR_MS_N;16543;30/09/2025 03:15;0
GREEN_VALUE_BZ01_NDR_MS_N;16543;30/09/2025 03:30;0
GREEN_VALUE_BZ01_NDR_MS_N;16543;30/09/2025 03:45;0
GREEN_VALUE_BZ01_NDR_MS_N;16543;30/09/2025 04:00;0
GREEN_VALUE_BZ01_NDR_MS_N;16543;30/09/2025 04:15;0
GREEN_VALUE_BZ01_NDR_MS_N;16543;30/09/2025 04:30;0
GREEN_VALUE_BZ01_NDR_MS_N;16543;30/09/2025 04:45;0
GREEN_VALUE_BZ01_NDR_MS_N;16543;30/09/2025 05:00;0
GREEN_VALUE_BZ01_NDR_MS_N;16543;30/09/2025 05:15;0
GREEN_VALUE_BZ01_NDR_MS_N;16543;30/09/2025 05:30;0
GREEN_VALUE_BZ01_NDR_MS_N;16543;30/09/2025 05:45;0
GREEN_VALUE_BZ01_NDR_MS_N;16543;30/09/2025 06:00;0
GREEN_VALUE_BZ01_NDR_MS_N;16543;30/09/2025 06:15;0
GREEN_VALUE_BZ01_NDR_MS_N;16543;30/09/2025 06:30;0
GREEN_VALUE_BZ01_NDR_MS_N;16543;30/09/2025 06:45;0
GREEN_VALUE_BZ01_NDR_MS_N;16543;30/09/2025 07:00;0
GREEN_VALUE_BZ01_NDR_MS_N;16543;30/09/2025 07:15;0
GREEN_VALUE_BZ01_NDR_MS_N;16543;30/09/2025 07:30;.09
GREEN_VALUE_BZ01_NDR_MS_N;16543;30/09/2025 07:45;2.13
GREEN_VALUE_BZ01_NDR_MS_N;16543;30/09/2025 08:00;4.41
GREEN_VALUE_BZ01_NDR_MS_N;16543;30/09/2025 08:15;6.15
GREEN_VALUE_BZ01_NDR_MS_N;16543;30/09/2025 08:30;7.44
GREEN_VALUE_BZ01_NDR_MS_N;16543;30/09/2025 08:45;12.63
GREEN_VALUE_BZ01_NDR_MS_N;16543;30/09/2025 09:00;21.12
GREEN_VALUE_BZ01_NDR_MS_N;16543;30/09/2025 09:15;25.59
GREEN_VALUE_BZ01_NDR_MS_N;16543;30/09/2025 09:30;32.58
GREEN_VALUE_BZ01_NDR_MS_N;16543;30/09/2025 09:45;60.24
GREEN_VALUE_BZ01_NDR_MS_N;16543;30/09/2025 10:00;60.39
GREEN_VALUE_BZ01_NDR_MS_N;16543;30/09/2025 10:15;80.79
GREEN_VALUE_BZ01_NDR_MS_N;16543;30/09/2025 10:30;71.61
GREEN_VALUE_BZ01_NDR_MS_N;16543;30/09/2025 10:45;111.06
GREEN_VALUE_BZ01_NDR_MS_N;16543;30/09/2025 11:00;151.44
GREEN_VALUE_BZ01_NDR_MS_N;16543;30/09/2025 11:15;159.36
GREEN_VALUE_BZ01_NDR_MS_N;16543;30/09/2025 11:30;142.23
GREEN_VALUE_BZ01_NDR_MS_N;16543;30/09/2025 11:45;120.39
GREEN_VALUE_BZ01_NDR_MS_N;16543;30/09/2025 12:00;90.87
GREEN_VALUE_BZ01_NDR_MS_N;16543;30/09/2025 12:15;185.97
GREEN_VALUE_BZ01_NDR_MS_N;16543;30/09/2025 12:30;92.37
GREEN_VALUE_BZ01_NDR_MS_N;16543;30/09/2025 12:45;108.24
GREEN_VALUE_BZ01_NDR_MS_N;16543;30/09/2025 13:00;77.55
GREEN_VALUE_BZ01_NDR_MS_N;16543;30/09/2025 13:15;146.4
GREEN_VALUE_BZ01_NDR_MS_N;16543;30/09/2025 13:30;165.06
GREEN_VALUE_BZ01_NDR_MS_N;16543;30/09/2025 13:45;180
GREEN_VALUE_BZ01_NDR_MS_N;16543;30/09/2025 14:00;141.39
GREEN_VALUE_BZ01_NDR_MS_N;16543;30/09/2025 14:15;196.35
GREEN_VALUE_BZ01_NDR_MS_N;16543;30/09/2025 14:30;192.18
GREEN_VALUE_BZ01_NDR_MS_N;16543;30/09/2025 14:45;174.09
GREEN_VALUE_BZ01_NDR_MS_N;16543;30/09/2025 15:00;182.04
GREEN_VALUE_BZ01_NDR_MS_N;16543;30/09/2025 15:15;170.19
GREEN_VALUE_BZ01_NDR_MS_N;16543;30/09/2025 15:30;163.83
GREEN_VALUE_BZ01_NDR_MS_N;16543;30/09/2025 15:45;163.65
GREEN_VALUE_BZ01_NDR_MS_N;16543;30/09/2025 16:00;89.16
GREEN_VALUE_BZ01_NDR_MS_N;16543;30/09/2025 16:15;54.81
GREEN_VALUE_BZ01_NDR_MS_N;16543;30/09/2025 16:30;142.59
GREEN_VALUE_BZ01_NDR_MS_N;16543;30/09/2025 16:45;127.08
GREEN_VALUE_BZ01_NDR_MS_N;16543;30/09/2025 17:00;68.49
GREEN_VALUE_BZ01_NDR_MS_N;16543;30/09/2025 17:15;32.07
GREEN_VALUE_BZ01_NDR_MS_N;16543;30/09/2025 17:30;33.45
GREEN_VALUE_BZ01_NDR_MS_N;16543;30/09/2025 17:45;22.08
GREEN_VALUE_BZ01_NDR_MS_N;16543;30/09/2025 18:00;21.87
GREEN_VALUE_BZ01_NDR_MS_N;16543;30/09/2025 18:15;14.76
GREEN_VALUE_BZ01_NDR_MS_N;16543;30/09/2025 18:30;11.76
GREEN_VALUE_BZ01_NDR_MS_N;16543;30/09/2025 18:45;5.91
GREEN_VALUE_BZ01_NDR_MS_N;16543;30/09/2025 19:00;3.12
GREEN_VALUE_BZ01_NDR_MS_N;16543;30/09/2025 19:15;1.08
GREEN_VALUE_BZ01_NDR_MS_N;16543;30/09/2025 19:30;0
GREEN_VALUE_BZ01_NDR_MS_N;16543;30/09/2025 19:45;0
GREEN_VALUE_BZ01_NDR_MS_N;16543;30/09/2025 20:00;0
GREEN_VALUE_BZ01_NDR_MS_N;16543;30/09/2025 20:15;0
GREEN_VALUE_BZ01_NDR_MS_N;16543;30/09/2025 20:30;0
GREEN_VALUE_BZ01_NDR_MS_N;16543;30/09/2025 20:45;0
GREEN_VALUE_BZ01_NDR_MS_N;16543;30/09/2025 21:00;0
GREEN_VALUE_BZ01_NDR_MS_N;16543;30/09/2025 21:15;0
GREEN_VALUE_BZ01_NDR_MS_N;16543;30/09/2025 21:30;0
GREEN_VALUE_BZ01_NDR_MS_N;16543;30/09/2025 21:45;0
GREEN_VALUE_BZ01_NDR_MS_N;16543;30/09/2025 22:00;0
GREEN_VALUE_BZ01_NDR_MS_N;16543;30/09/2025 22:15;0
GREEN_VALUE_BZ01_NDR_MS_N;16543;30/09/2025 22:30;0
GREEN_VALUE_BZ01_NDR_MS_N;16543;30/09/2025 22:45;0
GREEN_VALUE_BZ01_NDR_MS_N;16543;30/09/2025 23:00;0
GREEN_VALUE_BZ01_NDR_MS_N;16543;30/09/2025 23:15;0
GREEN_VALUE_BZ01_NDR_MS_N;16543;30/09/2025 23:30;0
GREEN_VALUE_BZ01_NDR_MS_N;16543;30/09/2025 23:45;0
GREEN_VALUE_BZ01_NDR_MS_N;16543;30/09/2025 24:00;0
GREEN_VALUE_BZ01_NDR_MS_N;16543;01/10/2025 00:15;0
GREEN_VALUE_BZ01_NDR_MS_N;16543;01/10/2025 00:30;0
GREEN_VALUE_BZ01_NDR_MS_N;16543;01/10/2025 00:45;0
GREEN_VALUE_BZ01_NDR_MS_N;16543;01/10/2025 01:00;0
GREEN_VALUE_BZ01_NDR_MS_N;17038;30/09/2025 01:15;0
GREEN_VALUE_BZ01_NDR_MS_N;17038;30/09/2025 01:30;0
GREEN_VALUE_BZ01_NDR_MS_N;17038;30/09/2025 01:45;0
GREEN_VALUE_BZ01_NDR_MS_N;17038;30/09/2025 02:00;0
GREEN_VALUE_BZ01_NDR_MS_N;17038;30/09/2025 02:15;0
GREEN_VALUE_BZ01_NDR_MS_N;17038;30/09/2025 02:30;0
GREEN_VALUE_BZ01_NDR_MS_N;17038;30/09/2025 02:45;0
GREEN_VALUE_BZ01_NDR_MS_N;17038;30/09/2025 03:00;0
GREEN_VALUE_BZ01_NDR_MS_N;17038;30/09/2025 03:15;0
GREEN_VALUE_BZ01_NDR_MS_N;17038;30/09/2025 03:30;0
GREEN_VALUE_BZ01_NDR_MS_N;17038;30/09/2025 03:45;0
GREEN_VALUE_BZ01_NDR_MS_N;17038;30/09/2025 04:00;0
GREEN_VALUE_BZ01_NDR_MS_N;17038;30/09/2025 04:15;0
GREEN_VALUE_BZ01_NDR_MS_N;17038;30/09/2025 04:30;0
GREEN_VALUE_BZ01_NDR_MS_N;17038;30/09/2025 04:45;0
GREEN_VALUE_BZ01_NDR_MS_N;17038;30/09/2025 05:00;0
GREEN_VALUE_BZ01_NDR_MS_N;17038;30/09/2025 05:15;0
GREEN_VALUE_BZ01_NDR_MS_N;17038;30/09/2025 05:30;0
GREEN_VALUE_BZ01_NDR_MS_N;17038;30/09/2025 05:45;0
GREEN_VALUE_BZ01_NDR_MS_N;17038;30/09/2025 06:00;0
GREEN_VALUE_BZ01_NDR_MS_N;17038;30/09/2025 06:15;0
GREEN_VALUE_BZ01_NDR_MS_N;17038;30/09/2025 06:30;0
GREEN_VALUE_BZ01_NDR_MS_N;17038;30/09/2025 06:45;0
GREEN_VALUE_BZ01_NDR_MS_N;17038;30/09/2025 07:00;0
GREEN_VALUE_BZ01_NDR_MS_N;17038;30/09/2025 07:15;0
GREEN_VALUE_BZ01_NDR_MS_N;17038;30/09/2025 07:30;0
GREEN_VALUE_BZ01_NDR_MS_N;17038;30/09/2025 07:45;.68
GREEN_VALUE_BZ01_NDR_MS_N;17038;30/09/2025 08:00;2.36
GREEN_VALUE_BZ01_NDR_MS_N;17038;30/09/2025 08:15;6.14
GREEN_VALUE_BZ01_NDR_MS_N;17038;30/09/2025 08:30;6.3
GREEN_VALUE_BZ01_NDR_MS_N;17038;30/09/2025 08:45;9.14
GREEN_VALUE_BZ01_NDR_MS_N;17038;30/09/2025 09:00;18.94
GREEN_VALUE_BZ01_NDR_MS_N;17038;30/09/2025 09:15;28.34
GREEN_VALUE_BZ01_NDR_MS_N;17038;30/09/2025 09:30;20.32
GREEN_VALUE_BZ01_NDR_MS_N;17038;30/09/2025 09:45;16.06
GREEN_VALUE_BZ01_NDR_MS_N;17038;30/09/2025 10:00;24.32
GREEN_VALUE_BZ01_NDR_MS_N;17038;30/09/2025 10:15;31.3
GREEN_VALUE_BZ01_NDR_MS_N;17038;30/09/2025 10:30;63.26
GREEN_VALUE_BZ01_NDR_MS_N;17038;30/09/2025 10:45;32.02
GREEN_VALUE_BZ01_NDR_MS_N;17038;30/09/2025 11:00;30.36
GREEN_VALUE_BZ01_NDR_MS_N;17038;30/09/2025 11:15;36.5
GREEN_VALUE_BZ01_NDR_MS_N;17038;30/09/2025 11:30;100.56
GREEN_VALUE_BZ01_NDR_MS_N;17038;30/09/2025 11:45;93.12
GREEN_VALUE_BZ01_NDR_MS_N;17038;30/09/2025 12:00;107.38
GREEN_VALUE_BZ01_NDR_MS_N;17038;30/09/2025 12:15;92.5
GREEN_VALUE_BZ01_NDR_MS_N;17038;30/09/2025 12:30;82.88
GREEN_VALUE_BZ01_NDR_MS_N;17038;30/09/2025 12:45;49
GREEN_VALUE_BZ01_NDR_MS_N;17038;30/09/2025 13:00;89.18
GREEN_VALUE_BZ01_NDR_MS_N;17038;30/09/2025 13:15;69.38
GREEN_VALUE_BZ01_NDR_MS_N;17038;30/09/2025 13:30;57.72
GREEN_VALUE_BZ01_NDR_MS_N;17038;30/09/2025 13:45;26.42
GREEN_VALUE_BZ01_NDR_MS_N;17038;30/09/2025 14:00;40
GREEN_VALUE_BZ01_NDR_MS_N;17038;30/09/2025 14:15;93.92
GREEN_VALUE_BZ01_NDR_MS_N;17038;30/09/2025 14:30;80.12
GREEN_VALUE_BZ01_NDR_MS_N;17038;30/09/2025 14:45;49.76
GREEN_VALUE_BZ01_NDR_MS_N;17038;30/09/2025 15:00;67.14
GREEN_VALUE_BZ01_NDR_MS_N;17038;30/09/2025 15:15;71.56
GREEN_VALUE_BZ01_NDR_MS_N;17038;30/09/2025 15:30;31.88
GREEN_VALUE_BZ01_NDR_MS_N;17038;30/09/2025 15:45;55.5
GREEN_VALUE_BZ01_NDR_MS_N;17038;30/09/2025 16:00;79.38
GREEN_VALUE_BZ01_NDR_MS_N;17038;30/09/2025 16:15;62.56
GREEN_VALUE_BZ01_NDR_MS_N;17038;30/09/2025 16:30;47.2
GREEN_VALUE_BZ01_NDR_MS_N;17038;30/09/2025 16:45;57.32
GREEN_VALUE_BZ01_NDR_MS_N;17038;30/09/2025 17:00;47.16
GREEN_VALUE_BZ01_NDR_MS_N;17038;30/09/2025 17:15;30.14
GREEN_VALUE_BZ01_NDR_MS_N;17038;30/09/2025 17:30;23.5
GREEN_VALUE_BZ01_NDR_MS_N;17038;30/09/2025 17:45;16.88
GREEN_VALUE_BZ01_NDR_MS_N;17038;30/09/2025 18:00;8.32
GREEN_VALUE_BZ01_NDR_MS_N;17038;30/09/2025 18:15;7.66
GREEN_VALUE_BZ01_NDR_MS_N;17038;30/09/2025 18:30;7.58
GREEN_VALUE_BZ01_NDR_MS_N;17038;30/09/2025 18:45;5.14
GREEN_VALUE_BZ01_NDR_MS_N;17038;30/09/2025 19:00;1.06
GREEN_VALUE_BZ01_NDR_MS_N;17038;30/09/2025 19:15;.04
GREEN_VALUE_BZ01_NDR_MS_N;17038;30/09/2025 19:30;0
GREEN_VALUE_BZ01_NDR_MS_N;17038;30/09/2025 19:45;0
GREEN_VALUE_BZ01_NDR_MS_N;17038;30/09/2025 20:00;0
GREEN_VALUE_BZ01_NDR_MS_N;17038;30/09/2025 20:15;0
GREEN_VALUE_BZ01_NDR_MS_N;17038;30/09/2025 20:30;0
GREEN_VALUE_BZ01_NDR_MS_N;17038;30/09/2025 20:45;0
GREEN_VALUE_BZ01_NDR_MS_N;17038;30/09/2025 21:00;0
GREEN_VALUE_BZ01_NDR_MS_N;17038;30/09/2025 21:15;0
GREEN_VALUE_BZ01_NDR_MS_N;17038;30/09/2025 21:30;0
GREEN_VALUE_BZ01_NDR_MS_N;17038;30/09/2025 21:45;0
GREEN_VALUE_BZ01_NDR_MS_N;17038;30/09/2025 22:00;0
GREEN_VALUE_BZ01_NDR_MS_N;17038;30/09/2025 22:15;0
GREEN_VALUE_BZ01_NDR_MS_N;17038;30/09/2025 22:30;0
GREEN_VALUE_BZ01_NDR_MS_N;17038;30/09/2025 22:45;0
GREEN_VALUE_BZ01_NDR_MS_N;17038;30/09/2025 23:00;0
GREEN_VALUE_BZ01_NDR_MS_N;17038;30/09/2025 23:15;0
GREEN_VALUE_BZ01_NDR_MS_N;17038;30/09/2025 23:30;0
GREEN_VALUE_BZ01_NDR_MS_N;17038;30/09/2025 23:45;0
GREEN_VALUE_BZ01_NDR_MS_N;17038;30/09/2025 24:00;0
GREEN_VALUE_BZ01_NDR_MS_N;17038;01/10/2025 00:15;0
GREEN_VALUE_BZ01_NDR_MS_N;17038;01/10/2025 00:30;0
GREEN_VALUE_BZ01_NDR_MS_N;17038;01/10/2025 00:45;0
GREEN_VALUE_BZ01_NDR_MS_N;17038;01/10/2025 01:00;0
GREEN_VALUE_BZ01_NDR_MS_N;17039;30/09/2025 01:15;0
GREEN_VALUE_BZ01_NDR_MS_N;17039;30/09/2025 01:30;0
GREEN_VALUE_BZ01_NDR_MS_N;17039;30/09/2025 01:45;0
GREEN_VALUE_BZ01_NDR_MS_N;17039;30/09/2025 02:00;0
GREEN_VALUE_BZ01_NDR_MS_N;17039;30/09/2025 02:15;0
GREEN_VALUE_BZ01_NDR_MS_N;17039;30/09/2025 02:30;0
GREEN_VALUE_BZ01_NDR_MS_N;17039;30/09/2025 02:45;0
GREEN_VALUE_BZ01_NDR_MS_N;17039;30/09/2025 03:00;0
GREEN_VALUE_BZ01_NDR_MS_N;17039;30/09/2025 03:15;0
GREEN_VALUE_BZ01_NDR_MS_N;17039;30/09/2025 03:30;0
GREEN_VALUE_BZ01_NDR_MS_N;17039;30/09/2025 03:45;0
GREEN_VALUE_BZ01_NDR_MS_N;17039;30/09/2025 04:00;0
GREEN_VALUE_BZ01_NDR_MS_N;17039;30/09/2025 04:15;0
GREEN_VALUE_BZ01_NDR_MS_N;17039;30/09/2025 04:30;0
GREEN_VALUE_BZ01_NDR_MS_N;17039;30/09/2025 04:45;0
GREEN_VALUE_BZ01_NDR_MS_N;17039;30/09/2025 05:00;0
GREEN_VALUE_BZ01_NDR_MS_N;17039;30/09/2025 05:15;0
GREEN_VALUE_BZ01_NDR_MS_N;17039;30/09/2025 05:30;0
GREEN_VALUE_BZ01_NDR_MS_N;17039;30/09/2025 05:45;0
GREEN_VALUE_BZ01_NDR_MS_N;17039;30/09/2025 06:00;0
GREEN_VALUE_BZ01_NDR_MS_N;17039;30/09/2025 06:15;0
GREEN_VALUE_BZ01_NDR_MS_N;17039;30/09/2025 06:30;0
GREEN_VALUE_BZ01_NDR_MS_N;17039;30/09/2025 06:45;0
GREEN_VALUE_BZ01_NDR_MS_N;17039;30/09/2025 07:00;0
GREEN_VALUE_BZ01_NDR_MS_N;17039;30/09/2025 07:15;0
GREEN_VALUE_BZ01_NDR_MS_N;17039;30/09/2025 07:30;.06
GREEN_VALUE_BZ01_NDR_MS_N;17039;30/09/2025 07:45;1.56
GREEN_VALUE_BZ01_NDR_MS_N;17039;30/09/2025 08:00;7.62
GREEN_VALUE_BZ01_NDR_MS_N;17039;30/09/2025 08:15;13.02
GREEN_VALUE_BZ01_NDR_MS_N;17039;30/09/2025 08:30;21.63
GREEN_VALUE_BZ01_NDR_MS_N;17039;30/09/2025 08:45;29.61
GREEN_VALUE_BZ01_NDR_MS_N;17039;30/09/2025 09:00;36.9
GREEN_VALUE_BZ01_NDR_MS_N;17039;30/09/2025 09:15;72
GREEN_VALUE_BZ01_NDR_MS_N;17039;30/09/2025 09:30;136.92
GREEN_VALUE_BZ01_NDR_MS_N;17039;30/09/2025 09:45;157.62
GREEN_VALUE_BZ01_NDR_MS_N;17039;30/09/2025 10:00;172.08
GREEN_VALUE_BZ01_NDR_MS_N;17039;30/09/2025 10:15;186.12
GREEN_VALUE_BZ01_NDR_MS_N;17039;30/09/2025 10:30;185.97
GREEN_VALUE_BZ01_NDR_MS_N;17039;30/09/2025 10:45;185.79
GREEN_VALUE_BZ01_NDR_MS_N;17039;30/09/2025 11:00;185.16
GREEN_VALUE_BZ01_NDR_MS_N;17039;30/09/2025 11:15;187.62
GREEN_VALUE_BZ01_NDR_MS_N;17039;30/09/2025 11:30;178.11
GREEN_VALUE_BZ01_NDR_MS_N;17039;30/09/2025 11:45;195.66
GREEN_VALUE_BZ01_NDR_MS_N;17039;30/09/2025 12:00;186.99
GREEN_VALUE_BZ01_NDR_MS_N;17039;30/09/2025 12:15;160.14
GREEN_VALUE_BZ01_NDR_MS_N;17039;30/09/2025 12:30;142.98
GREEN_VALUE_BZ01_NDR_MS_N;17039;30/09/2025 12:45;170.22
GREEN_VALUE_BZ01_NDR_MS_N;17039;30/09/2025 13:00;177.39
GREEN_VALUE_BZ01_NDR_MS_N;17039;30/09/2025 13:15;161.1
GREEN_VALUE_BZ01_NDR_MS_N;17039;30/09/2025 13:30;178.53
GREEN_VALUE_BZ01_NDR_MS_N;17039;30/09/2025 13:45;165.84
GREEN_VALUE_BZ01_NDR_MS_N;17039;30/09/2025 14:00;135.06
GREEN_VALUE_BZ01_NDR_MS_N;17039;30/09/2025 14:15;169.8
GREEN_VALUE_BZ01_NDR_MS_N;17039;30/09/2025 14:30;167.46
GREEN_VALUE_BZ01_NDR_MS_N;17039;30/09/2025 14:45;167.4
GREEN_VALUE_BZ01_NDR_MS_N;17039;30/09/2025 15:00;166.26
GREEN_VALUE_BZ01_NDR_MS_N;17039;30/09/2025 15:15;159.81
GREEN_VALUE_BZ01_NDR_MS_N;17039;30/09/2025 15:30;163.74
GREEN_VALUE_BZ01_NDR_MS_N;17039;30/09/2025 15:45;148.08
GREEN_VALUE_BZ01_NDR_MS_N;17039;30/09/2025 16:00;168.45
GREEN_VALUE_BZ01_NDR_MS_N;17039;30/09/2025 16:15;73.32
GREEN_VALUE_BZ01_NDR_MS_N;17039;30/09/2025 16:30;151.35
GREEN_VALUE_BZ01_NDR_MS_N;17039;30/09/2025 16:45;166.26
GREEN_VALUE_BZ01_NDR_MS_N;17039;30/09/2025 17:00;110.85
GREEN_VALUE_BZ01_NDR_MS_N;17039;30/09/2025 17:15;111.96
GREEN_VALUE_BZ01_NDR_MS_N;17039;30/09/2025 17:30;95.91
GREEN_VALUE_BZ01_NDR_MS_N;17039;30/09/2025 17:45;43.26
GREEN_VALUE_BZ01_NDR_MS_N;17039;30/09/2025 18:00;32.85
GREEN_VALUE_BZ01_NDR_MS_N;17039;30/09/2025 18:15;24.75
GREEN_VALUE_BZ01_NDR_MS_N;17039;30/09/2025 18:30;8.13
GREEN_VALUE_BZ01_NDR_MS_N;17039;30/09/2025 18:45;4.53
GREEN_VALUE_BZ01_NDR_MS_N;17039;30/09/2025 19:00;2.46
GREEN_VALUE_BZ01_NDR_MS_N;17039;30/09/2025 19:15;.78
GREEN_VALUE_BZ01_NDR_MS_N;17039;30/09/2025 19:30;0
GREEN_VALUE_BZ01_NDR_MS_N;17039;30/09/2025 19:45;0
GREEN_VALUE_BZ01_NDR_MS_N;17039;30/09/2025 20:00;0
GREEN_VALUE_BZ01_NDR_MS_N;17039;30/09/2025 20:15;0
GREEN_VALUE_BZ01_NDR_MS_N;17039;30/09/2025 20:30;0
GREEN_VALUE_BZ01_NDR_MS_N;17039;30/09/2025 20:45;0
GREEN_VALUE_BZ01_NDR_MS_N;17039;30/09/2025 21:00;0
GREEN_VALUE_BZ01_NDR_MS_N;17039;30/09/2025 21:15;0
GREEN_VALUE_BZ01_NDR_MS_N;17039;30/09/2025 21:30;0
GREEN_VALUE_BZ01_NDR_MS_N;17039;30/09/2025 21:45;0
GREEN_VALUE_BZ01_NDR_MS_N;17039;30/09/2025 22:00;0
GREEN_VALUE_BZ01_NDR_MS_N;17039;30/09/2025 22:15;0
GREEN_VALUE_BZ01_NDR_MS_N;17039;30/09/2025 22:30;0
GREEN_VALUE_BZ01_NDR_MS_N;17039;30/09/2025 22:45;0
GREEN_VALUE_BZ01_NDR_MS_N;17039;30/09/2025 23:00;0
GREEN_VALUE_BZ01_NDR_MS_N;17039;30/09/2025 23:15;0
GREEN_VALUE_BZ01_NDR_MS_N;17039;30/09/2025 23:30;0
GREEN_VALUE_BZ01_NDR_MS_N;17039;30/09/2025 23:45;0
GREEN_VALUE_BZ01_NDR_MS_N;17039;30/09/2025 24:00;0
GREEN_VALUE_BZ01_NDR_MS_N;17039;01/10/2025 00:15;0
GREEN_VALUE_BZ01_NDR_MS_N;17039;01/10/2025 00:30;0
GREEN_VALUE_BZ01_NDR_MS_N;17039;01/10/2025 00:45;0
GREEN_VALUE_BZ01_NDR_MS_N;17039;01/10/2025 01:00;0
GREEN_VALUE_BZ01_NDR_MS_N;17238;30/09/2025 01:15;0
GREEN_VALUE_BZ01_NDR_MS_N;17238;30/09/2025 01:30;0
GREEN_VALUE_BZ01_NDR_MS_N;17238;30/09/2025 01:45;0
GREEN_VALUE_BZ01_NDR_MS_N;17238;30/09/2025 02:00;0
GREEN_VALUE_BZ01_NDR_MS_N;17238;30/09/2025 02:15;0
GREEN_VALUE_BZ01_NDR_MS_N;17238;30/09/2025 02:30;0
GREEN_VALUE_BZ01_NDR_MS_N;17238;30/09/2025 02:45;0
GREEN_VALUE_BZ01_NDR_MS_N;17238;30/09/2025 03:00;0
GREEN_VALUE_BZ01_NDR_MS_N;17238;30/09/2025 03:15;0
GREEN_VALUE_BZ01_NDR_MS_N;17238;30/09/2025 03:30;0
GREEN_VALUE_BZ01_NDR_MS_N;17238;30/09/2025 03:45;0
GREEN_VALUE_BZ01_NDR_MS_N;17238;30/09/2025 04:00;0
GREEN_VALUE_BZ01_NDR_MS_N;17238;30/09/2025 04:15;0
GREEN_VALUE_BZ01_NDR_MS_N;17238;30/09/2025 04:30;0
GREEN_VALUE_BZ01_NDR_MS_N;17238;30/09/2025 04:45;0
GREEN_VALUE_BZ01_NDR_MS_N;17238;30/09/2025 05:00;0
GREEN_VALUE_BZ01_NDR_MS_N;17238;30/09/2025 05:15;0
GREEN_VALUE_BZ01_NDR_MS_N;17238;30/09/2025 05:30;0
GREEN_VALUE_BZ01_NDR_MS_N;17238;30/09/2025 05:45;0
GREEN_VALUE_BZ01_NDR_MS_N;17238;30/09/2025 06:00;0
GREEN_VALUE_BZ01_NDR_MS_N;17238;30/09/2025 06:15;0
GREEN_VALUE_BZ01_NDR_MS_N;17238;30/09/2025 06:30;0
GREEN_VALUE_BZ01_NDR_MS_N;17238;30/09/2025 06:45;0
GREEN_VALUE_BZ01_NDR_MS_N;17238;30/09/2025 07:00;0
GREEN_VALUE_BZ01_NDR_MS_N;17238;30/09/2025 07:15;0
GREEN_VALUE_BZ01_NDR_MS_N;17238;30/09/2025 07:30;.02
GREEN_VALUE_BZ01_NDR_MS_N;17238;30/09/2025 07:45;1.18
GREEN_VALUE_BZ01_NDR_MS_N;17238;30/09/2025 08:00;3.08
GREEN_VALUE_BZ01_NDR_MS_N;17238;30/09/2025 08:15;4.4
GREEN_VALUE_BZ01_NDR_MS_N;17238;30/09/2025 08:30;5.04
GREEN_VALUE_BZ01_NDR_MS_N;17238;30/09/2025 08:45;8.6
GREEN_VALUE_BZ01_NDR_MS_N;17238;30/09/2025 09:00;15.7
GREEN_VALUE_BZ01_NDR_MS_N;17238;30/09/2025 09:15;34.48
GREEN_VALUE_BZ01_NDR_MS_N;17238;30/09/2025 09:30;37.16
GREEN_VALUE_BZ01_NDR_MS_N;17238;30/09/2025 09:45;26.98
GREEN_VALUE_BZ01_NDR_MS_N;17238;30/09/2025 10:00;29.72
GREEN_VALUE_BZ01_NDR_MS_N;17238;30/09/2025 10:15;54.36
GREEN_VALUE_BZ01_NDR_MS_N;17238;30/09/2025 10:30;59.72
GREEN_VALUE_BZ01_NDR_MS_N;17238;30/09/2025 10:45;89.96
GREEN_VALUE_BZ01_NDR_MS_N;17238;30/09/2025 11:00;90.7
GREEN_VALUE_BZ01_NDR_MS_N;17238;30/09/2025 11:15;90.34
GREEN_VALUE_BZ01_NDR_MS_N;17238;30/09/2025 11:30;91.48
GREEN_VALUE_BZ01_NDR_MS_N;17238;30/09/2025 11:45;81.34
GREEN_VALUE_BZ01_NDR_MS_N;17238;30/09/2025 12:00;69.54
GREEN_VALUE_BZ01_NDR_MS_N;17238;30/09/2025 12:15;95.06
GREEN_VALUE_BZ01_NDR_MS_N;17238;30/09/2025 12:30;27.14
GREEN_VALUE_BZ01_NDR_MS_N;17238;30/09/2025 12:45;29.38
GREEN_VALUE_BZ01_NDR_MS_N;17238;30/09/2025 13:00;25.56
GREEN_VALUE_BZ01_NDR_MS_N;17238;30/09/2025 13:15;68.78
GREEN_VALUE_BZ01_NDR_MS_N;17238;30/09/2025 13:30;94.04
GREEN_VALUE_BZ01_NDR_MS_N;17238;30/09/2025 13:45;72.52
GREEN_VALUE_BZ01_NDR_MS_N;17238;30/09/2025 14:00;55.8
GREEN_VALUE_BZ01_NDR_MS_N;17238;30/09/2025 14:15;91.04
GREEN_VALUE_BZ01_NDR_MS_N;17238;30/09/2025 14:30;90.74
GREEN_VALUE_BZ01_NDR_MS_N;17238;30/09/2025 14:45;72.74
GREEN_VALUE_BZ01_NDR_MS_N;17238;30/09/2025 15:00;90.14
GREEN_VALUE_BZ01_NDR_MS_N;17238;30/09/2025 15:15;96.78
GREEN_VALUE_BZ01_NDR_MS_N;17238;30/09/2025 15:30;94.76
GREEN_VALUE_BZ01_NDR_MS_N;17238;30/09/2025 15:45;95.88
GREEN_VALUE_BZ01_NDR_MS_N;17238;30/09/2025 16:00;58
GREEN_VALUE_BZ01_NDR_MS_N;17238;30/09/2025 16:15;38.72
GREEN_VALUE_BZ01_NDR_MS_N;17238;30/09/2025 16:30;98.74
GREEN_VALUE_BZ01_NDR_MS_N;17238;30/09/2025 16:45;97.44
GREEN_VALUE_BZ01_NDR_MS_N;17238;30/09/2025 17:00;61.46
GREEN_VALUE_BZ01_NDR_MS_N;17238;30/09/2025 17:15;26.3
GREEN_VALUE_BZ01_NDR_MS_N;17238;30/09/2025 17:30;41.98
GREEN_VALUE_BZ01_NDR_MS_N;17238;30/09/2025 17:45;17.34
GREEN_VALUE_BZ01_NDR_MS_N;17238;30/09/2025 18:00;19.08
GREEN_VALUE_BZ01_NDR_MS_N;17238;30/09/2025 18:15;10.94
GREEN_VALUE_BZ01_NDR_MS_N;17238;30/09/2025 18:30;6.3
GREEN_VALUE_BZ01_NDR_MS_N;17238;30/09/2025 18:45;3.54
GREEN_VALUE_BZ01_NDR_MS_N;17238;30/09/2025 19:00;2.1
GREEN_VALUE_BZ01_NDR_MS_N;17238;30/09/2025 19:15;.78
GREEN_VALUE_BZ01_NDR_MS_N;17238;30/09/2025 19:30;.02
GREEN_VALUE_BZ01_NDR_MS_N;17238;30/09/2025 19:45;0
GREEN_VALUE_BZ01_NDR_MS_N;17238;30/09/2025 20:00;0
GREEN_VALUE_BZ01_NDR_MS_N;17238;30/09/2025 20:15;0
GREEN_VALUE_BZ01_NDR_MS_N;17238;30/09/2025 20:30;0
GREEN_VALUE_BZ01_NDR_MS_N;17238;30/09/2025 20:45;0
GREEN_VALUE_BZ01_NDR_MS_N;17238;30/09/2025 21:00;0
GREEN_VALUE_BZ01_NDR_MS_N;17238;30/09/2025 21:15;0
GREEN_VALUE_BZ01_NDR_MS_N;17238;30/09/2025 21:30;0
GREEN_VALUE_BZ01_NDR_MS_N;17238;30/09/2025 21:45;0
GREEN_VALUE_BZ01_NDR_MS_N;17238;30/09/2025 22:00;0
GREEN_VALUE_BZ01_NDR_MS_N;17238;30/09/2025 22:15;0
GREEN_VALUE_BZ01_NDR_MS_N;17238;30/09/2025 22:30;0
GREEN_VALUE_BZ01_NDR_MS_N;17238;30/09/2025 22:45;0
GREEN_VALUE_BZ01_NDR_MS_N;17238;30/09/2025 23:00;0
GREEN_VALUE_BZ01_NDR_MS_N;17238;30/09/2025 23:15;0
GREEN_VALUE_BZ01_NDR_MS_N;17238;30/09/2025 23:30;0
GREEN_VALUE_BZ01_NDR_MS_N;17238;30/09/2025 23:45;0
GREEN_VALUE_BZ01_NDR_MS_N;17238;30/09/2025 24:00;0
GREEN_VALUE_BZ01_NDR_MS_N;17238;01/10/2025 00:15;0
GREEN_VALUE_BZ01_NDR_MS_N;17238;01/10/2025 00:30;0
GREEN_VALUE_BZ01_NDR_MS_N;17238;01/10/2025 00:45;0
GREEN_VALUE_BZ01_NDR_MS_N;17238;01/10/2025 01:00;0
GREEN_VALUE_BZ01_NDR_MS_N;17331;30/09/2025 01:15;0
GREEN_VALUE_BZ01_NDR_MS_N;17331;30/09/2025 01:30;0
GREEN_VALUE_BZ01_NDR_MS_N;17331;30/09/2025 01:45;0
GREEN_VALUE_BZ01_NDR_MS_N;17331;30/09/2025 02:00;0
GREEN_VALUE_BZ01_NDR_MS_N;17331;30/09/2025 02:15;0
GREEN_VALUE_BZ01_NDR_MS_N;17331;30/09/2025 02:30;0
GREEN_VALUE_BZ01_NDR_MS_N;17331;30/09/2025 02:45;0
GREEN_VALUE_BZ01_NDR_MS_N;17331;30/09/2025 03:00;0
GREEN_VALUE_BZ01_NDR_MS_N;17331;30/09/2025 03:15;0
GREEN_VALUE_BZ01_NDR_MS_N;17331;30/09/2025 03:30;0
GREEN_VALUE_BZ01_NDR_MS_N;17331;30/09/2025 03:45;0
GREEN_VALUE_BZ01_NDR_MS_N;17331;30/09/2025 04:00;0
GREEN_VALUE_BZ01_NDR_MS_N;17331;30/09/2025 04:15;0
GREEN_VALUE_BZ01_NDR_MS_N;17331;30/09/2025 04:30;0
GREEN_VALUE_BZ01_NDR_MS_N;17331;30/09/2025 04:45;0
GREEN_VALUE_BZ01_NDR_MS_N;17331;30/09/2025 05:00;0
GREEN_VALUE_BZ01_NDR_MS_N;17331;30/09/2025 05:15;0
GREEN_VALUE_BZ01_NDR_MS_N;17331;30/09/2025 05:30;0
GREEN_VALUE_BZ01_NDR_MS_N;17331;30/09/2025 05:45;0
GREEN_VALUE_BZ01_NDR_MS_N;17331;30/09/2025 06:00;0
GREEN_VALUE_BZ01_NDR_MS_N;17331;30/09/2025 06:15;0
GREEN_VALUE_BZ01_NDR_MS_N;17331;30/09/2025 06:30;0
GREEN_VALUE_BZ01_NDR_MS_N;17331;30/09/2025 06:45;0
GREEN_VALUE_BZ01_NDR_MS_N;17331;30/09/2025 07:00;0
GREEN_VALUE_BZ01_NDR_MS_N;17331;30/09/2025 07:15;0
GREEN_VALUE_BZ01_NDR_MS_N;17331;30/09/2025 07:30;0
GREEN_VALUE_BZ01_NDR_MS_N;17331;30/09/2025 07:45;0
GREEN_VALUE_BZ01_NDR_MS_N;17331;30/09/2025 08:00;0
GREEN_VALUE_BZ01_NDR_MS_N;17331;30/09/2025 08:15;0
GREEN_VALUE_BZ01_NDR_MS_N;17331;30/09/2025 08:30;0
GREEN_VALUE_BZ01_NDR_MS_N;17331;30/09/2025 08:45;0
GREEN_VALUE_BZ01_NDR_MS_N;17331;30/09/2025 09:00;0
GREEN_VALUE_BZ01_NDR_MS_N;17331;30/09/2025 09:15;0
GREEN_VALUE_BZ01_NDR_MS_N;17331;30/09/2025 09:30;0
GREEN_VALUE_BZ01_NDR_MS_N;17331;30/09/2025 09:45;0
GREEN_VALUE_BZ01_NDR_MS_N;17331;30/09/2025 10:00;0
GREEN_VALUE_BZ01_NDR_MS_N;17331;30/09/2025 10:15;0
GREEN_VALUE_BZ01_NDR_MS_N;17331;30/09/2025 10:30;0
GREEN_VALUE_BZ01_NDR_MS_N;17331;30/09/2025 10:45;0
GREEN_VALUE_BZ01_NDR_MS_N;17331;30/09/2025 11:00;0
GREEN_VALUE_BZ01_NDR_MS_N;17331;30/09/2025 11:15;0
GREEN_VALUE_BZ01_NDR_MS_N;17331;30/09/2025 11:30;25.41
GREEN_VALUE_BZ01_NDR_MS_N;17331;30/09/2025 11:45;85.47
GREEN_VALUE_BZ01_NDR_MS_N;17331;30/09/2025 12:00;100.98
GREEN_VALUE_BZ01_NDR_MS_N;17331;30/09/2025 12:15;84.96
GREEN_VALUE_BZ01_NDR_MS_N;17331;30/09/2025 12:30;115.5
GREEN_VALUE_BZ01_NDR_MS_N;17331;30/09/2025 12:45;128.67
GREEN_VALUE_BZ01_NDR_MS_N;17331;30/09/2025 13:00;123.78
GREEN_VALUE_BZ01_NDR_MS_N;17331;30/09/2025 13:15;121.17
GREEN_VALUE_BZ01_NDR_MS_N;17331;30/09/2025 13:30;98.94
GREEN_VALUE_BZ01_NDR_MS_N;17331;30/09/2025 13:45;95.91
GREEN_VALUE_BZ01_NDR_MS_N;17331;30/09/2025 14:00;86.25
GREEN_VALUE_BZ01_NDR_MS_N;17331;30/09/2025 14:15;123.15
GREEN_VALUE_BZ01_NDR_MS_N;17331;30/09/2025 14:30;116.31
GREEN_VALUE_BZ01_NDR_MS_N;17331;30/09/2025 14:45;121.29
GREEN_VALUE_BZ01_NDR_MS_N;17331;30/09/2025 15:00;121.08
GREEN_VALUE_BZ01_NDR_MS_N;17331;30/09/2025 15:15;83.4
GREEN_VALUE_BZ01_NDR_MS_N;17331;30/09/2025 15:30;104.64
GREEN_VALUE_BZ01_NDR_MS_N;17331;30/09/2025 15:45;92.7
GREEN_VALUE_BZ01_NDR_MS_N;17331;30/09/2025 16:00;43.62
GREEN_VALUE_BZ01_NDR_MS_N;17331;30/09/2025 16:15;36.36
GREEN_VALUE_BZ01_NDR_MS_N;17331;30/09/2025 16:30;20.46
GREEN_VALUE_BZ01_NDR_MS_N;17331;30/09/2025 16:45;36.42
GREEN_VALUE_BZ01_NDR_MS_N;17331;30/09/2025 17:00;91.89
GREEN_VALUE_BZ01_NDR_MS_N;17331;30/09/2025 17:15;71.91
GREEN_VALUE_BZ01_NDR_MS_N;17331;30/09/2025 17:30;30.81
GREEN_VALUE_BZ01_NDR_MS_N;17331;30/09/2025 17:45;27.15
GREEN_VALUE_BZ01_NDR_MS_N;17331;30/09/2025 18:00;14.64
GREEN_VALUE_BZ01_NDR_MS_N;17331;30/09/2025 18:15;8.58
GREEN_VALUE_BZ01_NDR_MS_N;17331;30/09/2025 18:30;8.49
GREEN_VALUE_BZ01_NDR_MS_N;17331;30/09/2025 18:45;4.77
GREEN_VALUE_BZ01_NDR_MS_N;17331;30/09/2025 19:00;3.57
GREEN_VALUE_BZ01_NDR_MS_N;17331;30/09/2025 19:15;1.32
GREEN_VALUE_BZ01_NDR_MS_N;17331;30/09/2025 19:30;.03
GREEN_VALUE_BZ01_NDR_MS_N;17331;30/09/2025 19:45;0
GREEN_VALUE_BZ01_NDR_MS_N;17331;30/09/2025 20:00;0
GREEN_VALUE_BZ01_NDR_MS_N;17331;30/09/2025 20:15;0
GREEN_VALUE_BZ01_NDR_MS_N;17331;30/09/2025 20:30;0
GREEN_VALUE_BZ01_NDR_MS_N;17331;30/09/2025 20:45;0
GREEN_VALUE_BZ01_NDR_MS_N;17331;30/09/2025 21:00;0
GREEN_VALUE_BZ01_NDR_MS_N;17331;30/09/2025 21:15;0
GREEN_VALUE_BZ01_NDR_MS_N;17331;30/09/2025 21:30;0
GREEN_VALUE_BZ01_NDR_MS_N;17331;30/09/2025 21:45;0
GREEN_VALUE_BZ01_NDR_MS_N;17331;30/09/2025 22:00;0
GREEN_VALUE_BZ01_NDR_MS_N;17331;30/09/2025 22:15;0
GREEN_VALUE_BZ01_NDR_MS_N;17331;30/09/2025 22:30;0
GREEN_VALUE_BZ01_NDR_MS_N;17331;30/09/2025 22:45;0
GREEN_VALUE_BZ01_NDR_MS_N;17331;30/09/2025 23:00;0
GREEN_VALUE_BZ01_NDR_MS_N;17331;30/09/2025 23:15;0
GREEN_VALUE_BZ01_NDR_MS_N;17331;30/09/2025 23:30;0
GREEN_VALUE_BZ01_NDR_MS_N;17331;30/09/2025 23:45;0
GREEN_VALUE_BZ01_NDR_MS_N;17331;30/09/2025 24:00;0
GREEN_VALUE_BZ01_NDR_MS_N;17331;01/10/2025 00:15;0
GREEN_VALUE_BZ01_NDR_MS_N;17331;01/10/2025 00:30;0
GREEN_VALUE_BZ01_NDR_MS_N;17331;01/10/2025 00:45;0
GREEN_VALUE_BZ01_NDR_MS_N;17331;01/10/2025 01:00;0
GREEN_VALUE_BZ01_NDR_MS_N;17731;30/09/2025 01:15;0
GREEN_VALUE_BZ01_NDR_MS_N;17731;30/09/2025 01:30;0
GREEN_VALUE_BZ01_NDR_MS_N;17731;30/09/2025 01:45;0
GREEN_VALUE_BZ01_NDR_MS_N;17731;30/09/2025 02:00;0
GREEN_VALUE_BZ01_NDR_MS_N;17731;30/09/2025 02:15;0
GREEN_VALUE_BZ01_NDR_MS_N;17731;30/09/2025 02:30;0
GREEN_VALUE_BZ01_NDR_MS_N;17731;30/09/2025 02:45;0
GREEN_VALUE_BZ01_NDR_MS_N;17731;30/09/2025 03:00;0
GREEN_VALUE_BZ01_NDR_MS_N;17731;30/09/2025 03:15;0
GREEN_VALUE_BZ01_NDR_MS_N;17731;30/09/2025 03:30;0
GREEN_VALUE_BZ01_NDR_MS_N;17731;30/09/2025 03:45;0
GREEN_VALUE_BZ01_NDR_MS_N;17731;30/09/2025 04:00;0
GREEN_VALUE_BZ01_NDR_MS_N;17731;30/09/2025 04:15;0
GREEN_VALUE_BZ01_NDR_MS_N;17731;30/09/2025 04:30;0
GREEN_VALUE_BZ01_NDR_MS_N;17731;30/09/2025 04:45;0
GREEN_VALUE_BZ01_NDR_MS_N;17731;30/09/2025 05:00;0
GREEN_VALUE_BZ01_NDR_MS_N;17731;30/09/2025 05:15;0
GREEN_VALUE_BZ01_NDR_MS_N;17731;30/09/2025 05:30;0
GREEN_VALUE_BZ01_NDR_MS_N;17731;30/09/2025 05:45;0
GREEN_VALUE_BZ01_NDR_MS_N;17731;30/09/2025 06:00;0
GREEN_VALUE_BZ01_NDR_MS_N;17731;30/09/2025 06:15;0
GREEN_VALUE_BZ01_NDR_MS_N;17731;30/09/2025 06:30;0
GREEN_VALUE_BZ01_NDR_MS_N;17731;30/09/2025 06:45;0
GREEN_VALUE_BZ01_NDR_MS_N;17731;30/09/2025 07:00;0
GREEN_VALUE_BZ01_NDR_MS_N;17731;30/09/2025 07:15;0
GREEN_VALUE_BZ01_NDR_MS_N;17731;30/09/2025 07:30;.02
GREEN_VALUE_BZ01_NDR_MS_N;17731;30/09/2025 07:45;1.42
GREEN_VALUE_BZ01_NDR_MS_N;17731;30/09/2025 08:00;6
GREEN_VALUE_BZ01_NDR_MS_N;17731;30/09/2025 08:15;10.8
GREEN_VALUE_BZ01_NDR_MS_N;17731;30/09/2025 08:30;16.26
GREEN_VALUE_BZ01_NDR_MS_N;17731;30/09/2025 08:45;30.44
GREEN_VALUE_BZ01_NDR_MS_N;17731;30/09/2025 09:00;17.5
GREEN_VALUE_BZ01_NDR_MS_N;17731;30/09/2025 09:15;17.16
GREEN_VALUE_BZ01_NDR_MS_N;17731;30/09/2025 09:30;20.84
GREEN_VALUE_BZ01_NDR_MS_N;17731;30/09/2025 09:45;37.48
GREEN_VALUE_BZ01_NDR_MS_N;17731;30/09/2025 10:00;82.84
GREEN_VALUE_BZ01_NDR_MS_N;17731;30/09/2025 10:15;83.88
GREEN_VALUE_BZ01_NDR_MS_N;17731;30/09/2025 10:30;83.78
GREEN_VALUE_BZ01_NDR_MS_N;17731;30/09/2025 10:45;90.38
GREEN_VALUE_BZ01_NDR_MS_N;17731;30/09/2025 11:00;85.86
GREEN_VALUE_BZ01_NDR_MS_N;17731;30/09/2025 11:15;89.26
GREEN_VALUE_BZ01_NDR_MS_N;17731;30/09/2025 11:30;88.56
GREEN_VALUE_BZ01_NDR_MS_N;17731;30/09/2025 11:45;87.36
GREEN_VALUE_BZ01_NDR_MS_N;17731;30/09/2025 12:00;90
GREEN_VALUE_BZ01_NDR_MS_N;17731;30/09/2025 12:15;90.5
GREEN_VALUE_BZ01_NDR_MS_N;17731;30/09/2025 12:30;91
GREEN_VALUE_BZ01_NDR_MS_N;17731;30/09/2025 12:45;76.06
GREEN_VALUE_BZ01_NDR_MS_N;17731;30/09/2025 13:00;99.68
GREEN_VALUE_BZ01_NDR_MS_N;17731;30/09/2025 13:15;39.2
GREEN_VALUE_BZ01_NDR_MS_N;17731;30/09/2025 13:30;61.06
GREEN_VALUE_BZ01_NDR_MS_N;17731;30/09/2025 13:45;81.68
GREEN_VALUE_BZ01_NDR_MS_N;17731;30/09/2025 14:00;96.64
GREEN_VALUE_BZ01_NDR_MS_N;17731;30/09/2025 14:15;36.96
GREEN_VALUE_BZ01_NDR_MS_N;17731;30/09/2025 14:30;93.16
GREEN_VALUE_BZ01_NDR_MS_N;17731;30/09/2025 14:45;92.52
GREEN_VALUE_BZ01_NDR_MS_N;17731;30/09/2025 15:00;93.42
GREEN_VALUE_BZ01_NDR_MS_N;17731;30/09/2025 15:15;93.4
GREEN_VALUE_BZ01_NDR_MS_N;17731;30/09/2025 15:30;93.16
GREEN_VALUE_BZ01_NDR_MS_N;17731;30/09/2025 15:45;93.64
GREEN_VALUE_BZ01_NDR_MS_N;17731;30/09/2025 16:00;92.56
GREEN_VALUE_BZ01_NDR_MS_N;17731;30/09/2025 16:15;94.42
GREEN_VALUE_BZ01_NDR_MS_N;17731;30/09/2025 16:30;90.72
GREEN_VALUE_BZ01_NDR_MS_N;17731;30/09/2025 16:45;87.3
GREEN_VALUE_BZ01_NDR_MS_N;17731;30/09/2025 17:00;84.32
GREEN_VALUE_BZ01_NDR_MS_N;17731;30/09/2025 17:15;81.36
GREEN_VALUE_BZ01_NDR_MS_N;17731;30/09/2025 17:30;74.24
GREEN_VALUE_BZ01_NDR_MS_N;17731;30/09/2025 17:45;66.92
GREEN_VALUE_BZ01_NDR_MS_N;17731;30/09/2025 18:00;50.32
GREEN_VALUE_BZ01_NDR_MS_N;17731;30/09/2025 18:15;28.92
GREEN_VALUE_BZ01_NDR_MS_N;17731;30/09/2025 18:30;21.94
GREEN_VALUE_BZ01_NDR_MS_N;17731;30/09/2025 18:45;6.38
GREEN_VALUE_BZ01_NDR_MS_N;17731;30/09/2025 19:00;3.32
GREEN_VALUE_BZ01_NDR_MS_N;17731;30/09/2025 19:15;1.12
GREEN_VALUE_BZ01_NDR_MS_N;17731;30/09/2025 19:30;.04
GREEN_VALUE_BZ01_NDR_MS_N;17731;30/09/2025 19:45;0
GREEN_VALUE_BZ01_NDR_MS_N;17731;30/09/2025 20:00;0
GREEN_VALUE_BZ01_NDR_MS_N;17731;30/09/2025 20:15;0
GREEN_VALUE_BZ01_NDR_MS_N;17731;30/09/2025 20:30;0
GREEN_VALUE_BZ01_NDR_MS_N;17731;30/09/2025 20:45;0
GREEN_VALUE_BZ01_NDR_MS_N;17731;30/09/2025 21:00;0
GREEN_VALUE_BZ01_NDR_MS_N;17731;30/09/2025 21:15;0
GREEN_VALUE_BZ01_NDR_MS_N;17731;30/09/2025 21:30;0
GREEN_VALUE_BZ01_NDR_MS_N;17731;30/09/2025 21:45;0
GREEN_VALUE_BZ01_NDR_MS_N;17731;30/09/2025 22:00;0
GREEN_VALUE_BZ01_NDR_MS_N;17731;30/09/2025 22:15;0
GREEN_VALUE_BZ01_NDR_MS_N;17731;30/09/2025 22:30;0
GREEN_VALUE_BZ01_NDR_MS_N;17731;30/09/2025 22:45;0
GREEN_VALUE_BZ01_NDR_MS_N;17731;30/09/2025 23:00;0
GREEN_VALUE_BZ01_NDR_MS_N;17731;30/09/2025 23:15;0
GREEN_VALUE_BZ01_NDR_MS_N;17731;30/09/2025 23:30;0
GREEN_VALUE_BZ01_NDR_MS_N;17731;30/09/2025 23:45;0
GREEN_VALUE_BZ01_NDR_MS_N;17731;30/09/2025 24:00;0
GREEN_VALUE_BZ01_NDR_MS_N;17731;01/10/2025 00:15;0
GREEN_VALUE_BZ01_NDR_MS_N;17731;01/10/2025 00:30;0
GREEN_VALUE_BZ01_NDR_MS_N;17731;01/10/2025 00:45;0
GREEN_VALUE_BZ01_NDR_MS_N;17731;01/10/2025 01:00;0
GREEN_VALUE_BZ01_NDR_MS_N;17809;30/09/2025 01:15;0
GREEN_VALUE_BZ01_NDR_MS_N;17809;30/09/2025 01:30;0
GREEN_VALUE_BZ01_NDR_MS_N;17809;30/09/2025 01:45;0
GREEN_VALUE_BZ01_NDR_MS_N;17809;30/09/2025 02:00;0
GREEN_VALUE_BZ01_NDR_MS_N;17809;30/09/2025 02:15;0
GREEN_VALUE_BZ01_NDR_MS_N;17809;30/09/2025 02:30;0
GREEN_VALUE_BZ01_NDR_MS_N;17809;30/09/2025 02:45;0
GREEN_VALUE_BZ01_NDR_MS_N;17809;30/09/2025 03:00;0
GREEN_VALUE_BZ01_NDR_MS_N;17809;30/09/2025 03:15;0
GREEN_VALUE_BZ01_NDR_MS_N;17809;30/09/2025 03:30;0
GREEN_VALUE_BZ01_NDR_MS_N;17809;30/09/2025 03:45;0
GREEN_VALUE_BZ01_NDR_MS_N;17809;30/09/2025 04:00;0
GREEN_VALUE_BZ01_NDR_MS_N;17809;30/09/2025 04:15;0
GREEN_VALUE_BZ01_NDR_MS_N;17809;30/09/2025 04:30;0
GREEN_VALUE_BZ01_NDR_MS_N;17809;30/09/2025 04:45;0
GREEN_VALUE_BZ01_NDR_MS_N;17809;30/09/2025 05:00;0
GREEN_VALUE_BZ01_NDR_MS_N;17809;30/09/2025 05:15;0
GREEN_VALUE_BZ01_NDR_MS_N;17809;30/09/2025 05:30;0
GREEN_VALUE_BZ01_NDR_MS_N;17809;30/09/2025 05:45;0
GREEN_VALUE_BZ01_NDR_MS_N;17809;30/09/2025 06:00;0
GREEN_VALUE_BZ01_NDR_MS_N;17809;30/09/2025 06:15;0
GREEN_VALUE_BZ01_NDR_MS_N;17809;30/09/2025 06:30;0
GREEN_VALUE_BZ01_NDR_MS_N;17809;30/09/2025 06:45;0
GREEN_VALUE_BZ01_NDR_MS_N;17809;30/09/2025 07:00;0
GREEN_VALUE_BZ01_NDR_MS_N;17809;30/09/2025 07:15;0
GREEN_VALUE_BZ01_NDR_MS_N;17809;30/09/2025 07:30;0
GREEN_VALUE_BZ01_NDR_MS_N;17809;30/09/2025 07:45;.8
GREEN_VALUE_BZ01_NDR_MS_N;17809;30/09/2025 08:00;4.6
GREEN_VALUE_BZ01_NDR_MS_N;17809;30/09/2025 08:15;10.2
GREEN_VALUE_BZ01_NDR_MS_N;17809;30/09/2025 08:30;16.6
GREEN_VALUE_BZ01_NDR_MS_N;17809;30/09/2025 08:45;21.2
GREEN_VALUE_BZ01_NDR_MS_N;17809;30/09/2025 09:00;33.2
GREEN_VALUE_BZ01_NDR_MS_N;17809;30/09/2025 09:15;39.2
GREEN_VALUE_BZ01_NDR_MS_N;17809;30/09/2025 09:30;41.2
GREEN_VALUE_BZ01_NDR_MS_N;17809;30/09/2025 09:45;56.2
GREEN_VALUE_BZ01_NDR_MS_N;17809;30/09/2025 10:00;63
GREEN_VALUE_BZ01_NDR_MS_N;17809;30/09/2025 10:15;69.4
GREEN_VALUE_BZ01_NDR_MS_N;17809;30/09/2025 10:30;74.4
GREEN_VALUE_BZ01_NDR_MS_N;17809;30/09/2025 10:45;78.6
GREEN_VALUE_BZ01_NDR_MS_N;17809;30/09/2025 11:00;79.2
GREEN_VALUE_BZ01_NDR_MS_N;17809;30/09/2025 11:15;83
GREEN_VALUE_BZ01_NDR_MS_N;17809;30/09/2025 11:30;91.8
GREEN_VALUE_BZ01_NDR_MS_N;17809;30/09/2025 11:45;93.8
GREEN_VALUE_BZ01_NDR_MS_N;17809;30/09/2025 12:00;96.6
GREEN_VALUE_BZ01_NDR_MS_N;17809;30/09/2025 12:15;98.8
GREEN_VALUE_BZ01_NDR_MS_N;17809;30/09/2025 12:30;100.8
GREEN_VALUE_BZ01_NDR_MS_N;17809;30/09/2025 12:45;102.4
GREEN_VALUE_BZ01_NDR_MS_N;17809;30/09/2025 13:00;103.2
GREEN_VALUE_BZ01_NDR_MS_N;17809;30/09/2025 13:15;103.4
GREEN_VALUE_BZ01_NDR_MS_N;17809;30/09/2025 13:30;104
GREEN_VALUE_BZ01_NDR_MS_N;17809;30/09/2025 13:45;103.4
GREEN_VALUE_BZ01_NDR_MS_N;17809;30/09/2025 14:00;102.6
GREEN_VALUE_BZ01_NDR_MS_N;17809;30/09/2025 14:15;101
GREEN_VALUE_BZ01_NDR_MS_N;17809;30/09/2025 14:30;100.4
GREEN_VALUE_BZ01_NDR_MS_N;17809;30/09/2025 14:45;94.4
GREEN_VALUE_BZ01_NDR_MS_N;17809;30/09/2025 15:00;96
GREEN_VALUE_BZ01_NDR_MS_N;17809;30/09/2025 15:15;93
GREEN_VALUE_BZ01_NDR_MS_N;17809;30/09/2025 15:30;89.2
GREEN_VALUE_BZ01_NDR_MS_N;17809;30/09/2025 15:45;86
GREEN_VALUE_BZ01_NDR_MS_N;17809;30/09/2025 16:00;82.4
GREEN_VALUE_BZ01_NDR_MS_N;17809;30/09/2025 16:15;72.4
GREEN_VALUE_BZ01_NDR_MS_N;17809;30/09/2025 16:30;68.8
GREEN_VALUE_BZ01_NDR_MS_N;17809;30/09/2025 16:45;61.4
GREEN_VALUE_BZ01_NDR_MS_N;17809;30/09/2025 17:00;54.2
GREEN_VALUE_BZ01_NDR_MS_N;17809;30/09/2025 17:15;50.6
GREEN_VALUE_BZ01_NDR_MS_N;17809;30/09/2025 17:30;39.6
GREEN_VALUE_BZ01_NDR_MS_N;17809;30/09/2025 17:45;33.4
GREEN_VALUE_BZ01_NDR_MS_N;17809;30/09/2025 18:00;26.6
GREEN_VALUE_BZ01_NDR_MS_N;17809;30/09/2025 18:15;12
GREEN_VALUE_BZ01_NDR_MS_N;17809;30/09/2025 18:30;14.2
GREEN_VALUE_BZ01_NDR_MS_N;17809;30/09/2025 18:45;7.8
GREEN_VALUE_BZ01_NDR_MS_N;17809;30/09/2025 19:00;3.6
GREEN_VALUE_BZ01_NDR_MS_N;17809;30/09/2025 19:15;1.2
GREEN_VALUE_BZ01_NDR_MS_N;17809;30/09/2025 19:30;.2
GREEN_VALUE_BZ01_NDR_MS_N;17809;30/09/2025 19:45;0
GREEN_VALUE_BZ01_NDR_MS_N;17809;30/09/2025 20:00;0
GREEN_VALUE_BZ01_NDR_MS_N;17809;30/09/2025 20:15;0
GREEN_VALUE_BZ01_NDR_MS_N;17809;30/09/2025 20:30;0
GREEN_VALUE_BZ01_NDR_MS_N;17809;30/09/2025 20:45;0
GREEN_VALUE_BZ01_NDR_MS_N;17809;30/09/2025 21:00;0
GREEN_VALUE_BZ01_NDR_MS_N;17809;30/09/2025 21:15;0
GREEN_VALUE_BZ01_NDR_MS_N;17809;30/09/2025 21:30;0
GREEN_VALUE_BZ01_NDR_MS_N;17809;30/09/2025 21:45;0
GREEN_VALUE_BZ01_NDR_MS_N;17809;30/09/2025 22:00;0
GREEN_VALUE_BZ01_NDR_MS_N;17809;30/09/2025 22:15;0
GREEN_VALUE_BZ01_NDR_MS_N;17809;30/09/2025 22:30;0
GREEN_VALUE_BZ01_NDR_MS_N;17809;30/09/2025 22:45;0
GREEN_VALUE_BZ01_NDR_MS_N;17809;30/09/2025 23:00;0
GREEN_VALUE_BZ01_NDR_MS_N;17809;30/09/2025 23:15;0
GREEN_VALUE_BZ01_NDR_MS_N;17809;30/09/2025 23:30;0
GREEN_VALUE_BZ01_NDR_MS_N;17809;30/09/2025 23:45;0
GREEN_VALUE_BZ01_NDR_MS_N;17809;30/09/2025 24:00;0
GREEN_VALUE_BZ01_NDR_MS_N;17809;01/10/2025 00:15;0
GREEN_VALUE_BZ01_NDR_MS_N;17809;01/10/2025 00:30;0
GREEN_VALUE_BZ01_NDR_MS_N;17809;01/10/2025 00:45;0
GREEN_VALUE_BZ01_NDR_MS_N;17809;01/10/2025 01:00;0
GREEN_VALUE_BZ01_NDR_MS_N;17880;30/09/2025 01:15;0
GREEN_VALUE_BZ01_NDR_MS_N;17880;30/09/2025 01:30;0
GREEN_VALUE_BZ01_NDR_MS_N;17880;30/09/2025 01:45;0
GREEN_VALUE_BZ01_NDR_MS_N;17880;30/09/2025 02:00;0
GREEN_VALUE_BZ01_NDR_MS_N;17880;30/09/2025 02:15;0
GREEN_VALUE_BZ01_NDR_MS_N;17880;30/09/2025 02:30;0
GREEN_VALUE_BZ01_NDR_MS_N;17880;30/09/2025 02:45;0
GREEN_VALUE_BZ01_NDR_MS_N;17880;30/09/2025 03:00;0
GREEN_VALUE_BZ01_NDR_MS_N;17880;30/09/2025 03:15;0
GREEN_VALUE_BZ01_NDR_MS_N;17880;30/09/2025 03:30;0
GREEN_VALUE_BZ01_NDR_MS_N;17880;30/09/2025 03:45;0
GREEN_VALUE_BZ01_NDR_MS_N;17880;30/09/2025 04:00;0
GREEN_VALUE_BZ01_NDR_MS_N;17880;30/09/2025 04:15;0
GREEN_VALUE_BZ01_NDR_MS_N;17880;30/09/2025 04:30;0
GREEN_VALUE_BZ01_NDR_MS_N;17880;30/09/2025 04:45;0
GREEN_VALUE_BZ01_NDR_MS_N;17880;30/09/2025 05:00;0
GREEN_VALUE_BZ01_NDR_MS_N;17880;30/09/2025 05:15;0
GREEN_VALUE_BZ01_NDR_MS_N;17880;30/09/2025 05:30;0
GREEN_VALUE_BZ01_NDR_MS_N;17880;30/09/2025 05:45;0
GREEN_VALUE_BZ01_NDR_MS_N;17880;30/09/2025 06:00;0
GREEN_VALUE_BZ01_NDR_MS_N;17880;30/09/2025 06:15;0
GREEN_VALUE_BZ01_NDR_MS_N;17880;30/09/2025 06:30;0
GREEN_VALUE_BZ01_NDR_MS_N;17880;30/09/2025 06:45;0
GREEN_VALUE_BZ01_NDR_MS_N;17880;30/09/2025 07:00;0
GREEN_VALUE_BZ01_NDR_MS_N;17880;30/09/2025 07:15;0
GREEN_VALUE_BZ01_NDR_MS_N;17880;30/09/2025 07:30;0
GREEN_VALUE_BZ01_NDR_MS_N;17880;30/09/2025 07:45;.6
GREEN_VALUE_BZ01_NDR_MS_N;17880;30/09/2025 08:00;1.8
GREEN_VALUE_BZ01_NDR_MS_N;17880;30/09/2025 08:15;5.8
GREEN_VALUE_BZ01_NDR_MS_N;17880;30/09/2025 08:30;11.2
GREEN_VALUE_BZ01_NDR_MS_N;17880;30/09/2025 08:45;16.4
GREEN_VALUE_BZ01_NDR_MS_N;17880;30/09/2025 09:00;26
GREEN_VALUE_BZ01_NDR_MS_N;17880;30/09/2025 09:15;31.8
GREEN_VALUE_BZ01_NDR_MS_N;17880;30/09/2025 09:30;34.2
GREEN_VALUE_BZ01_NDR_MS_N;17880;30/09/2025 09:45;48.6
GREEN_VALUE_BZ01_NDR_MS_N;17880;30/09/2025 10:00;55
GREEN_VALUE_BZ01_NDR_MS_N;17880;30/09/2025 10:15;61.4
GREEN_VALUE_BZ01_NDR_MS_N;17880;30/09/2025 10:30;66.4
GREEN_VALUE_BZ01_NDR_MS_N;17880;30/09/2025 10:45;68
GREEN_VALUE_BZ01_NDR_MS_N;17880;30/09/2025 11:00;75
GREEN_VALUE_BZ01_NDR_MS_N;17880;30/09/2025 11:15;74.6
GREEN_VALUE_BZ01_NDR_MS_N;17880;30/09/2025 11:30;83.2
GREEN_VALUE_BZ01_NDR_MS_N;17880;30/09/2025 11:45;81.4
GREEN_VALUE_BZ01_NDR_MS_N;17880;30/09/2025 12:00;89.8
GREEN_VALUE_BZ01_NDR_MS_N;17880;30/09/2025 12:15;91.6
GREEN_VALUE_BZ01_NDR_MS_N;17880;30/09/2025 12:30;94.2
GREEN_VALUE_BZ01_NDR_MS_N;17880;30/09/2025 12:45;95.6
GREEN_VALUE_BZ01_NDR_MS_N;17880;30/09/2025 13:00;96.4
GREEN_VALUE_BZ01_NDR_MS_N;17880;30/09/2025 13:15;96.8
GREEN_VALUE_BZ01_NDR_MS_N;17880;30/09/2025 13:30;97.2
GREEN_VALUE_BZ01_NDR_MS_N;17880;30/09/2025 13:45;96.2
GREEN_VALUE_BZ01_NDR_MS_N;17880;30/09/2025 14:00;95.6
GREEN_VALUE_BZ01_NDR_MS_N;17880;30/09/2025 14:15;94.4
GREEN_VALUE_BZ01_NDR_MS_N;17880;30/09/2025 14:30;90.4
GREEN_VALUE_BZ01_NDR_MS_N;17880;30/09/2025 14:45;89.4
GREEN_VALUE_BZ01_NDR_MS_N;17880;30/09/2025 15:00;88.6
GREEN_VALUE_BZ01_NDR_MS_N;17880;30/09/2025 15:15;86.8
GREEN_VALUE_BZ01_NDR_MS_N;17880;30/09/2025 15:30;83.2
GREEN_VALUE_BZ01_NDR_MS_N;17880;30/09/2025 15:45;80.6
GREEN_VALUE_BZ01_NDR_MS_N;17880;30/09/2025 16:00;77.6
GREEN_VALUE_BZ01_NDR_MS_N;17880;30/09/2025 16:15;68.8
GREEN_VALUE_BZ01_NDR_MS_N;17880;30/09/2025 16:30;64.4
GREEN_VALUE_BZ01_NDR_MS_N;17880;30/09/2025 16:45;58.2
GREEN_VALUE_BZ01_NDR_MS_N;17880;30/09/2025 17:00;52.8
GREEN_VALUE_BZ01_NDR_MS_N;17880;30/09/2025 17:15;49.2
GREEN_VALUE_BZ01_NDR_MS_N;17880;30/09/2025 17:30;40
GREEN_VALUE_BZ01_NDR_MS_N;17880;30/09/2025 17:45;32.4
GREEN_VALUE_BZ01_NDR_MS_N;17880;30/09/2025 18:00;26.6
GREEN_VALUE_BZ01_NDR_MS_N;17880;30/09/2025 18:15;12.2
GREEN_VALUE_BZ01_NDR_MS_N;17880;30/09/2025 18:30;11.6
GREEN_VALUE_BZ01_NDR_MS_N;17880;30/09/2025 18:45;5.6
GREEN_VALUE_BZ01_NDR_MS_N;17880;30/09/2025 19:00;2.6
GREEN_VALUE_BZ01_NDR_MS_N;17880;30/09/2025 19:15;1
GREEN_VALUE_BZ01_NDR_MS_N;17880;30/09/2025 19:30;0
GREEN_VALUE_BZ01_NDR_MS_N;17880;30/09/2025 19:45;0
GREEN_VALUE_BZ01_NDR_MS_N;17880;30/09/2025 20:00;0
GREEN_VALUE_BZ01_NDR_MS_N;17880;30/09/2025 20:15;0
GREEN_VALUE_BZ01_NDR_MS_N;17880;30/09/2025 20:30;0
GREEN_VALUE_BZ01_NDR_MS_N;17880;30/09/2025 20:45;0
GREEN_VALUE_BZ01_NDR_MS_N;17880;30/09/2025 21:00;0
GREEN_VALUE_BZ01_NDR_MS_N;17880;30/09/2025 21:15;0
GREEN_VALUE_BZ01_NDR_MS_N;17880;30/09/2025 21:30;0
GREEN_VALUE_BZ01_NDR_MS_N;17880;30/09/2025 21:45;0
GREEN_VALUE_BZ01_NDR_MS_N;17880;30/09/2025 22:00;0
GREEN_VALUE_BZ01_NDR_MS_N;17880;30/09/2025 22:15;0
GREEN_VALUE_BZ01_NDR_MS_N;17880;30/09/2025 22:30;0
GREEN_VALUE_BZ01_NDR_MS_N;17880;30/09/2025 22:45;0
GREEN_VALUE_BZ01_NDR_MS_N;17880;30/09/2025 23:00;0
GREEN_VALUE_BZ01_NDR_MS_N;17880;30/09/2025 23:15;0
GREEN_VALUE_BZ01_NDR_MS_N;17880;30/09/2025 23:30;0
GREEN_VALUE_BZ01_NDR_MS_N;17880;30/09/2025 23:45;0
GREEN_VALUE_BZ01_NDR_MS_N;17880;30/09/2025 24:00;0
GREEN_VALUE_BZ01_NDR_MS_N;17880;01/10/2025 00:15;0
GREEN_VALUE_BZ01_NDR_MS_N;17880;01/10/2025 00:30;0
GREEN_VALUE_BZ01_NDR_MS_N;17880;01/10/2025 00:45;0
GREEN_VALUE_BZ01_NDR_MS_N;17880;01/10/2025 01:00;0
GREEN_VALUE_BZ01_NDR_MS_N;18419;30/09/2025 01:15;0
GREEN_VALUE_BZ01_NDR_MS_N;18419;30/09/2025 01:30;0
GREEN_VALUE_BZ01_NDR_MS_N;18419;30/09/2025 01:45;0
GREEN_VALUE_BZ01_NDR_MS_N;18419;30/09/2025 02:00;0
GREEN_VALUE_BZ01_NDR_MS_N;18419;30/09/2025 02:15;0
GREEN_VALUE_BZ01_NDR_MS_N;18419;30/09/2025 02:30;0
GREEN_VALUE_BZ01_NDR_MS_N;18419;30/09/2025 02:45;0
GREEN_VALUE_BZ01_NDR_MS_N;18419;30/09/2025 03:00;0
GREEN_VALUE_BZ01_NDR_MS_N;18419;30/09/2025 03:15;0
GREEN_VALUE_BZ01_NDR_MS_N;18419;30/09/2025 03:30;0
GREEN_VALUE_BZ01_NDR_MS_N;18419;30/09/2025 03:45;0
GREEN_VALUE_BZ01_NDR_MS_N;18419;30/09/2025 04:00;0
GREEN_VALUE_BZ01_NDR_MS_N;18419;30/09/2025 04:15;0
GREEN_VALUE_BZ01_NDR_MS_N;18419;30/09/2025 04:30;0
GREEN_VALUE_BZ01_NDR_MS_N;18419;30/09/2025 04:45;0
GREEN_VALUE_BZ01_NDR_MS_N;18419;30/09/2025 05:00;0
GREEN_VALUE_BZ01_NDR_MS_N;18419;30/09/2025 05:15;0
GREEN_VALUE_BZ01_NDR_MS_N;18419;30/09/2025 05:30;0
GREEN_VALUE_BZ01_NDR_MS_N;18419;30/09/2025 05:45;0
GREEN_VALUE_BZ01_NDR_MS_N;18419;30/09/2025 06:00;0
GREEN_VALUE_BZ01_NDR_MS_N;18419;30/09/2025 06:15;0
GREEN_VALUE_BZ01_NDR_MS_N;18419;30/09/2025 06:30;0
GREEN_VALUE_BZ01_NDR_MS_N;18419;30/09/2025 06:45;0
GREEN_VALUE_BZ01_NDR_MS_N;18419;30/09/2025 07:00;0
GREEN_VALUE_BZ01_NDR_MS_N;18419;30/09/2025 07:15;0
GREEN_VALUE_BZ01_NDR_MS_N;18419;30/09/2025 07:30;0
GREEN_VALUE_BZ01_NDR_MS_N;18419;30/09/2025 07:45;2.34
GREEN_VALUE_BZ01_NDR_MS_N;18419;30/09/2025 08:00;8.46
GREEN_VALUE_BZ01_NDR_MS_N;18419;30/09/2025 08:15;14.85
GREEN_VALUE_BZ01_NDR_MS_N;18419;30/09/2025 08:30;21.75
GREEN_VALUE_BZ01_NDR_MS_N;18419;30/09/2025 08:45;24.06
GREEN_VALUE_BZ01_NDR_MS_N;18419;30/09/2025 09:00;44.79
GREEN_VALUE_BZ01_NDR_MS_N;18419;30/09/2025 09:15;85.62
GREEN_VALUE_BZ01_NDR_MS_N;18419;30/09/2025 09:30;92.34
GREEN_VALUE_BZ01_NDR_MS_N;18419;30/09/2025 09:45;137.1
GREEN_VALUE_BZ01_NDR_MS_N;18419;30/09/2025 10:00;119.88
GREEN_VALUE_BZ01_NDR_MS_N;18419;30/09/2025 10:15;187.17
GREEN_VALUE_BZ01_NDR_MS_N;18419;30/09/2025 10:30;158.16
GREEN_VALUE_BZ01_NDR_MS_N;18419;30/09/2025 10:45;157.65
GREEN_VALUE_BZ01_NDR_MS_N;18419;30/09/2025 11:00;183.66
GREEN_VALUE_BZ01_NDR_MS_N;18419;30/09/2025 11:15;176.73
GREEN_VALUE_BZ01_NDR_MS_N;18419;30/09/2025 11:30;177.78
GREEN_VALUE_BZ01_NDR_MS_N;18419;30/09/2025 11:45;178.17
GREEN_VALUE_BZ01_NDR_MS_N;18419;30/09/2025 12:00;174.45
GREEN_VALUE_BZ01_NDR_MS_N;18419;30/09/2025 12:15;152.4
GREEN_VALUE_BZ01_NDR_MS_N;18419;30/09/2025 12:30;176.19
GREEN_VALUE_BZ01_NDR_MS_N;18419;30/09/2025 12:45;175.95
GREEN_VALUE_BZ01_NDR_MS_N;18419;30/09/2025 13:00;178.92
GREEN_VALUE_BZ01_NDR_MS_N;18419;30/09/2025 13:15;175.26
GREEN_VALUE_BZ01_NDR_MS_N;18419;30/09/2025 13:30;171.18
GREEN_VALUE_BZ01_NDR_MS_N;18419;30/09/2025 13:45;167.79
GREEN_VALUE_BZ01_NDR_MS_N;18419;30/09/2025 14:00;170.25
GREEN_VALUE_BZ01_NDR_MS_N;18419;30/09/2025 14:15;173.55
GREEN_VALUE_BZ01_NDR_MS_N;18419;30/09/2025 14:30;168.39
GREEN_VALUE_BZ01_NDR_MS_N;18419;30/09/2025 14:45;167.7
GREEN_VALUE_BZ01_NDR_MS_N;18419;30/09/2025 15:00;167.13
GREEN_VALUE_BZ01_NDR_MS_N;18419;30/09/2025 15:15;167.49
GREEN_VALUE_BZ01_NDR_MS_N;18419;30/09/2025 15:30;151.41
GREEN_VALUE_BZ01_NDR_MS_N;18419;30/09/2025 15:45;162.36
GREEN_VALUE_BZ01_NDR_MS_N;18419;30/09/2025 16:00;166.44
GREEN_VALUE_BZ01_NDR_MS_N;18419;30/09/2025 16:15;166.59
GREEN_VALUE_BZ01_NDR_MS_N;18419;30/09/2025 16:30;141.66
GREEN_VALUE_BZ01_NDR_MS_N;18419;30/09/2025 16:45;159.27
GREEN_VALUE_BZ01_NDR_MS_N;18419;30/09/2025 17:00;93.06
GREEN_VALUE_BZ01_NDR_MS_N;18419;30/09/2025 17:15;154.02
GREEN_VALUE_BZ01_NDR_MS_N;18419;30/09/2025 17:30;134.04
GREEN_VALUE_BZ01_NDR_MS_N;18419;30/09/2025 17:45;69.03
GREEN_VALUE_BZ01_NDR_MS_N;18419;30/09/2025 18:00;43.14
GREEN_VALUE_BZ01_NDR_MS_N;18419;30/09/2025 18:15;16.83
GREEN_VALUE_BZ01_NDR_MS_N;18419;30/09/2025 18:30;11.76
GREEN_VALUE_BZ01_NDR_MS_N;18419;30/09/2025 18:45;4.95
GREEN_VALUE_BZ01_NDR_MS_N;18419;30/09/2025 19:00;3.09
GREEN_VALUE_BZ01_NDR_MS_N;18419;30/09/2025 19:15;.78
GREEN_VALUE_BZ01_NDR_MS_N;18419;30/09/2025 19:30;0
GREEN_VALUE_BZ01_NDR_MS_N;18419;30/09/2025 19:45;0
GREEN_VALUE_BZ01_NDR_MS_N;18419;30/09/2025 20:00;0
GREEN_VALUE_BZ01_NDR_MS_N;18419;30/09/2025 20:15;0
GREEN_VALUE_BZ01_NDR_MS_N;18419;30/09/2025 20:30;0
GREEN_VALUE_BZ01_NDR_MS_N;18419;30/09/2025 20:45;0
GREEN_VALUE_BZ01_NDR_MS_N;18419;30/09/2025 21:00;0
GREEN_VALUE_BZ01_NDR_MS_N;18419;30/09/2025 21:15;0
GREEN_VALUE_BZ01_NDR_MS_N;18419;30/09/2025 21:30;0
GREEN_VALUE_BZ01_NDR_MS_N;18419;30/09/2025 21:45;0
GREEN_VALUE_BZ01_NDR_MS_N;18419;30/09/2025 22:00;0
GREEN_VALUE_BZ01_NDR_MS_N;18419;30/09/2025 22:15;0
GREEN_VALUE_BZ01_NDR_MS_N;18419;30/09/2025 22:30;0
GREEN_VALUE_BZ01_NDR_MS_N;18419;30/09/2025 22:45;0
GREEN_VALUE_BZ01_NDR_MS_N;18419;30/09/2025 23:00;0
GREEN_VALUE_BZ01_NDR_MS_N;18419;30/09/2025 23:15;0
GREEN_VALUE_BZ01_NDR_MS_N;18419;30/09/2025 23:30;0
GREEN_VALUE_BZ01_NDR_MS_N;18419;30/09/2025 23:45;0
GREEN_VALUE_BZ01_NDR_MS_N;18419;30/09/2025 24:00;0
GREEN_VALUE_BZ01_NDR_MS_N;18419;01/10/2025 00:15;0
GREEN_VALUE_BZ01_NDR_MS_N;18419;01/10/2025 00:30;0
GREEN_VALUE_BZ01_NDR_MS_N;18419;01/10/2025 00:45;0
GREEN_VALUE_BZ01_NDR_MS_N;18419;01/10/2025 01:00;0
GREEN_VALUE_BZ01_NDR_MS_N;18420;30/09/2025 01:15;0
GREEN_VALUE_BZ01_NDR_MS_N;18420;30/09/2025 01:30;0
GREEN_VALUE_BZ01_NDR_MS_N;18420;30/09/2025 01:45;0
GREEN_VALUE_BZ01_NDR_MS_N;18420;30/09/2025 02:00;0
GREEN_VALUE_BZ01_NDR_MS_N;18420;30/09/2025 02:15;0
GREEN_VALUE_BZ01_NDR_MS_N;18420;30/09/2025 02:30;0
GREEN_VALUE_BZ01_NDR_MS_N;18420;30/09/2025 02:45;0
GREEN_VALUE_BZ01_NDR_MS_N;18420;30/09/2025 03:00;0
GREEN_VALUE_BZ01_NDR_MS_N;18420;30/09/2025 03:15;0
GREEN_VALUE_BZ01_NDR_MS_N;18420;30/09/2025 03:30;0
GREEN_VALUE_BZ01_NDR_MS_N;18420;30/09/2025 03:45;0
GREEN_VALUE_BZ01_NDR_MS_N;18420;30/09/2025 04:00;0
GREEN_VALUE_BZ01_NDR_MS_N;18420;30/09/2025 04:15;0
GREEN_VALUE_BZ01_NDR_MS_N;18420;30/09/2025 04:30;0
GREEN_VALUE_BZ01_NDR_MS_N;18420;30/09/2025 04:45;0
GREEN_VALUE_BZ01_NDR_MS_N;18420;30/09/2025 05:00;0
GREEN_VALUE_BZ01_NDR_MS_N;18420;30/09/2025 05:15;0
GREEN_VALUE_BZ01_NDR_MS_N;18420;30/09/2025 05:30;0
GREEN_VALUE_BZ01_NDR_MS_N;18420;30/09/2025 05:45;0
GREEN_VALUE_BZ01_NDR_MS_N;18420;30/09/2025 06:00;0
GREEN_VALUE_BZ01_NDR_MS_N;18420;30/09/2025 06:15;0
GREEN_VALUE_BZ01_NDR_MS_N;18420;30/09/2025 06:30;0
GREEN_VALUE_BZ01_NDR_MS_N;18420;30/09/2025 06:45;0
GREEN_VALUE_BZ01_NDR_MS_N;18420;30/09/2025 07:00;0
GREEN_VALUE_BZ01_NDR_MS_N;18420;30/09/2025 07:15;0
GREEN_VALUE_BZ01_NDR_MS_N;18420;30/09/2025 07:30;0
GREEN_VALUE_BZ01_NDR_MS_N;18420;30/09/2025 07:45;1.1
GREEN_VALUE_BZ01_NDR_MS_N;18420;30/09/2025 08:00;3.75
GREEN_VALUE_BZ01_NDR_MS_N;18420;30/09/2025 08:15;5.7
GREEN_VALUE_BZ01_NDR_MS_N;18420;30/09/2025 08:30;31.95
GREEN_VALUE_BZ01_NDR_MS_N;18420;30/09/2025 08:45;26.7
GREEN_VALUE_BZ01_NDR_MS_N;18420;30/09/2025 09:00;27.85
GREEN_VALUE_BZ01_NDR_MS_N;18420;30/09/2025 09:15;84.7
GREEN_VALUE_BZ01_NDR_MS_N;18420;30/09/2025 09:30;117.3
GREEN_VALUE_BZ01_NDR_MS_N;18420;30/09/2025 09:45;142.65
GREEN_VALUE_BZ01_NDR_MS_N;18420;30/09/2025 10:00;133.2
GREEN_VALUE_BZ01_NDR_MS_N;18420;30/09/2025 10:15;130.2
GREEN_VALUE_BZ01_NDR_MS_N;18420;30/09/2025 10:30;133.45
GREEN_VALUE_BZ01_NDR_MS_N;18420;30/09/2025 10:45;138.6
GREEN_VALUE_BZ01_NDR_MS_N;18420;30/09/2025 11:00;139.4
GREEN_VALUE_BZ01_NDR_MS_N;18420;30/09/2025 11:15;148.4
GREEN_VALUE_BZ01_NDR_MS_N;18420;30/09/2025 11:30;154.45
GREEN_VALUE_BZ01_NDR_MS_N;18420;30/09/2025 11:45;156.95
GREEN_VALUE_BZ01_NDR_MS_N;18420;30/09/2025 12:00;109.45
GREEN_VALUE_BZ01_NDR_MS_N;18420;30/09/2025 12:15;125.25
GREEN_VALUE_BZ01_NDR_MS_N;18420;30/09/2025 12:30;102.2
GREEN_VALUE_BZ01_NDR_MS_N;18420;30/09/2025 12:45;117.05
GREEN_VALUE_BZ01_NDR_MS_N;18420;30/09/2025 13:00;152.15
GREEN_VALUE_BZ01_NDR_MS_N;18420;30/09/2025 13:15;158.35
GREEN_VALUE_BZ01_NDR_MS_N;18420;30/09/2025 13:30;166.7
GREEN_VALUE_BZ01_NDR_MS_N;18420;30/09/2025 13:45;152.65
GREEN_VALUE_BZ01_NDR_MS_N;18420;30/09/2025 14:00;162.35
GREEN_VALUE_BZ01_NDR_MS_N;18420;30/09/2025 14:15;157.3
GREEN_VALUE_BZ01_NDR_MS_N;18420;30/09/2025 14:30;152.25
GREEN_VALUE_BZ01_NDR_MS_N;18420;30/09/2025 14:45;151.45
GREEN_VALUE_BZ01_NDR_MS_N;18420;30/09/2025 15:00;132.2
GREEN_VALUE_BZ01_NDR_MS_N;18420;30/09/2025 15:15;150.6
GREEN_VALUE_BZ01_NDR_MS_N;18420;30/09/2025 15:30;146.9
GREEN_VALUE_BZ01_NDR_MS_N;18420;30/09/2025 15:45;98.7
GREEN_VALUE_BZ01_NDR_MS_N;18420;30/09/2025 16:00;89.75
GREEN_VALUE_BZ01_NDR_MS_N;18420;30/09/2025 16:15;83.35
GREEN_VALUE_BZ01_NDR_MS_N;18420;30/09/2025 16:30;100.25
GREEN_VALUE_BZ01_NDR_MS_N;18420;30/09/2025 16:45;87.4
GREEN_VALUE_BZ01_NDR_MS_N;18420;30/09/2025 17:00;114.5
GREEN_VALUE_BZ01_NDR_MS_N;18420;30/09/2025 17:15;95.5
GREEN_VALUE_BZ01_NDR_MS_N;18420;30/09/2025 17:30;67.95
GREEN_VALUE_BZ01_NDR_MS_N;18420;30/09/2025 17:45;46.55
GREEN_VALUE_BZ01_NDR_MS_N;18420;30/09/2025 18:00;20.2
GREEN_VALUE_BZ01_NDR_MS_N;18420;30/09/2025 18:15;31.75
GREEN_VALUE_BZ01_NDR_MS_N;18420;30/09/2025 18:30;17.85
GREEN_VALUE_BZ01_NDR_MS_N;18420;30/09/2025 18:45;8.95
GREEN_VALUE_BZ01_NDR_MS_N;18420;30/09/2025 19:00;5
GREEN_VALUE_BZ01_NDR_MS_N;18420;30/09/2025 19:15;1.55
GREEN_VALUE_BZ01_NDR_MS_N;18420;30/09/2025 19:30;0
GREEN_VALUE_BZ01_NDR_MS_N;18420;30/09/2025 19:45;0
GREEN_VALUE_BZ01_NDR_MS_N;18420;30/09/2025 20:00;0
GREEN_VALUE_BZ01_NDR_MS_N;18420;30/09/2025 20:15;0
GREEN_VALUE_BZ01_NDR_MS_N;18420;30/09/2025 20:30;0
GREEN_VALUE_BZ01_NDR_MS_N;18420;30/09/2025 20:45;0
GREEN_VALUE_BZ01_NDR_MS_N;18420;30/09/2025 21:00;0
GREEN_VALUE_BZ01_NDR_MS_N;18420;30/09/2025 21:15;0
GREEN_VALUE_BZ01_NDR_MS_N;18420;30/09/2025 21:30;0
GREEN_VALUE_BZ01_NDR_MS_N;18420;30/09/2025 21:45;0
GREEN_VALUE_BZ01_NDR_MS_N;18420;30/09/2025 22:00;0
GREEN_VALUE_BZ01_NDR_MS_N;18420;30/09/2025 22:15;0
GREEN_VALUE_BZ01_NDR_MS_N;18420;30/09/2025 22:30;0
GREEN_VALUE_BZ01_NDR_MS_N;18420;30/09/2025 22:45;0
GREEN_VALUE_BZ01_NDR_MS_N;18420;30/09/2025 23:00;0
GREEN_VALUE_BZ01_NDR_MS_N;18420;30/09/2025 23:15;0
GREEN_VALUE_BZ01_NDR_MS_N;18420;30/09/2025 23:30;0
GREEN_VALUE_BZ01_NDR_MS_N;18420;30/09/2025 23:45;0
GREEN_VALUE_BZ01_NDR_MS_N;18420;30/09/2025 24:00;0
GREEN_VALUE_BZ01_NDR_MS_N;18420;01/10/2025 00:15;0
GREEN_VALUE_BZ01_NDR_MS_N;18420;01/10/2025 00:30;0
GREEN_VALUE_BZ01_NDR_MS_N;18420;01/10/2025 00:45;0
GREEN_VALUE_BZ01_NDR_MS_N;18420;01/10/2025 01:00;0
GREEN_VALUE_BZ01_NDR_MS_N;18421;30/09/2025 01:15;0
GREEN_VALUE_BZ01_NDR_MS_N;18421;30/09/2025 01:30;0
GREEN_VALUE_BZ01_NDR_MS_N;18421;30/09/2025 01:45;0
GREEN_VALUE_BZ01_NDR_MS_N;18421;30/09/2025 02:00;0
GREEN_VALUE_BZ01_NDR_MS_N;18421;30/09/2025 02:15;0
GREEN_VALUE_BZ01_NDR_MS_N;18421;30/09/2025 02:30;0
GREEN_VALUE_BZ01_NDR_MS_N;18421;30/09/2025 02:45;0
GREEN_VALUE_BZ01_NDR_MS_N;18421;30/09/2025 03:00;0
GREEN_VALUE_BZ01_NDR_MS_N;18421;30/09/2025 03:15;0
GREEN_VALUE_BZ01_NDR_MS_N;18421;30/09/2025 03:30;0
GREEN_VALUE_BZ01_NDR_MS_N;18421;30/09/2025 03:45;0
GREEN_VALUE_BZ01_NDR_MS_N;18421;30/09/2025 04:00;0
GREEN_VALUE_BZ01_NDR_MS_N;18421;30/09/2025 04:15;0
GREEN_VALUE_BZ01_NDR_MS_N;18421;30/09/2025 04:30;0
GREEN_VALUE_BZ01_NDR_MS_N;18421;30/09/2025 04:45;0
GREEN_VALUE_BZ01_NDR_MS_N;18421;30/09/2025 05:00;0
GREEN_VALUE_BZ01_NDR_MS_N;18421;30/09/2025 05:15;0
GREEN_VALUE_BZ01_NDR_MS_N;18421;30/09/2025 05:30;0
GREEN_VALUE_BZ01_NDR_MS_N;18421;30/09/2025 05:45;0
GREEN_VALUE_BZ01_NDR_MS_N;18421;30/09/2025 06:00;0
GREEN_VALUE_BZ01_NDR_MS_N;18421;30/09/2025 06:15;0
GREEN_VALUE_BZ01_NDR_MS_N;18421;30/09/2025 06:30;0
GREEN_VALUE_BZ01_NDR_MS_N;18421;30/09/2025 06:45;0
GREEN_VALUE_BZ01_NDR_MS_N;18421;30/09/2025 07:00;0
GREEN_VALUE_BZ01_NDR_MS_N;18421;30/09/2025 07:15;0
GREEN_VALUE_BZ01_NDR_MS_N;18421;30/09/2025 07:30;0
GREEN_VALUE_BZ01_NDR_MS_N;18421;30/09/2025 07:45;1
GREEN_VALUE_BZ01_NDR_MS_N;18421;30/09/2025 08:00;3.6
GREEN_VALUE_BZ01_NDR_MS_N;18421;30/09/2025 08:15;9.96
GREEN_VALUE_BZ01_NDR_MS_N;18421;30/09/2025 08:30;9.92
GREEN_VALUE_BZ01_NDR_MS_N;18421;30/09/2025 08:45;17.44
GREEN_VALUE_BZ01_NDR_MS_N;18421;30/09/2025 09:00;28.84
GREEN_VALUE_BZ01_NDR_MS_N;18421;30/09/2025 09:15;29.76
GREEN_VALUE_BZ01_NDR_MS_N;18421;30/09/2025 09:30;75.8
GREEN_VALUE_BZ01_NDR_MS_N;18421;30/09/2025 09:45;77.24
GREEN_VALUE_BZ01_NDR_MS_N;18421;30/09/2025 10:00;54.08
GREEN_VALUE_BZ01_NDR_MS_N;18421;30/09/2025 10:15;65
GREEN_VALUE_BZ01_NDR_MS_N;18421;30/09/2025 10:30;80.92
GREEN_VALUE_BZ01_NDR_MS_N;18421;30/09/2025 10:45;82.52
GREEN_VALUE_BZ01_NDR_MS_N;18421;30/09/2025 11:00;81.8
GREEN_VALUE_BZ01_NDR_MS_N;18421;30/09/2025 11:15;80.8
GREEN_VALUE_BZ01_NDR_MS_N;18421;30/09/2025 11:30;84.36
GREEN_VALUE_BZ01_NDR_MS_N;18421;30/09/2025 11:45;73.72
GREEN_VALUE_BZ01_NDR_MS_N;18421;30/09/2025 12:00;68.92
GREEN_VALUE_BZ01_NDR_MS_N;18421;30/09/2025 12:15;85.84
GREEN_VALUE_BZ01_NDR_MS_N;18421;30/09/2025 12:30;50.64
GREEN_VALUE_BZ01_NDR_MS_N;18421;30/09/2025 12:45;49.78
GREEN_VALUE_BZ01_NDR_MS_N;18421;30/09/2025 13:00;39.84
GREEN_VALUE_BZ01_NDR_MS_N;18421;30/09/2025 13:15;38.92
GREEN_VALUE_BZ01_NDR_MS_N;18421;30/09/2025 13:30;62.78
GREEN_VALUE_BZ01_NDR_MS_N;18421;30/09/2025 13:45;32.28
GREEN_VALUE_BZ01_NDR_MS_N;18421;30/09/2025 14:00;46.82
GREEN_VALUE_BZ01_NDR_MS_N;18421;30/09/2025 14:15;64.3
GREEN_VALUE_BZ01_NDR_MS_N;18421;30/09/2025 14:30;69.48
GREEN_VALUE_BZ01_NDR_MS_N;18421;30/09/2025 14:45;80.92
GREEN_VALUE_BZ01_NDR_MS_N;18421;30/09/2025 15:00;73.86
GREEN_VALUE_BZ01_NDR_MS_N;18421;30/09/2025 15:15;80.1
GREEN_VALUE_BZ01_NDR_MS_N;18421;30/09/2025 15:30;85.56
GREEN_VALUE_BZ01_NDR_MS_N;18421;30/09/2025 15:45;51.78
GREEN_VALUE_BZ01_NDR_MS_N;18421;30/09/2025 16:00;35.48
GREEN_VALUE_BZ01_NDR_MS_N;18421;30/09/2025 16:15;88.84
GREEN_VALUE_BZ01_NDR_MS_N;18421;30/09/2025 16:30;63.92
GREEN_VALUE_BZ01_NDR_MS_N;18421;30/09/2025 16:45;53.36
GREEN_VALUE_BZ01_NDR_MS_N;18421;30/09/2025 17:00;45.22
GREEN_VALUE_BZ01_NDR_MS_N;18421;30/09/2025 17:15;10.24
GREEN_VALUE_BZ01_NDR_MS_N;18421;30/09/2025 17:30;46.78
GREEN_VALUE_BZ01_NDR_MS_N;18421;30/09/2025 17:45;22.96
GREEN_VALUE_BZ01_NDR_MS_N;18421;30/09/2025 18:00;22.94
GREEN_VALUE_BZ01_NDR_MS_N;18421;30/09/2025 18:15;4.7
GREEN_VALUE_BZ01_NDR_MS_N;18421;30/09/2025 18:30;3.24
GREEN_VALUE_BZ01_NDR_MS_N;18421;30/09/2025 18:45;2.1
GREEN_VALUE_BZ01_NDR_MS_N;18421;30/09/2025 19:00;1.92
GREEN_VALUE_BZ01_NDR_MS_N;18421;30/09/2025 19:15;.32
GREEN_VALUE_BZ01_NDR_MS_N;18421;30/09/2025 19:30;0
GREEN_VALUE_BZ01_NDR_MS_N;18421;30/09/2025 19:45;0
GREEN_VALUE_BZ01_NDR_MS_N;18421;30/09/2025 20:00;0
GREEN_VALUE_BZ01_NDR_MS_N;18421;30/09/2025 20:15;0
GREEN_VALUE_BZ01_NDR_MS_N;18421;30/09/2025 20:30;0
GREEN_VALUE_BZ01_NDR_MS_N;18421;30/09/2025 20:45;0
GREEN_VALUE_BZ01_NDR_MS_N;18421;30/09/2025 21:00;0
GREEN_VALUE_BZ01_NDR_MS_N;18421;30/09/2025 21:15;0
GREEN_VALUE_BZ01_NDR_MS_N;18421;30/09/2025 21:30;0
GREEN_VALUE_BZ01_NDR_MS_N;18421;30/09/2025 21:45;0
GREEN_VALUE_BZ01_NDR_MS_N;18421;30/09/2025 22:00;0
GREEN_VALUE_BZ01_NDR_MS_N;18421;30/09/2025 22:15;0
GREEN_VALUE_BZ01_NDR_MS_N;18421;30/09/2025 22:30;0
GREEN_VALUE_BZ01_NDR_MS_N;18421;30/09/2025 22:45;0
GREEN_VALUE_BZ01_NDR_MS_N;18421;30/09/2025 23:00;0
GREEN_VALUE_BZ01_NDR_MS_N;18421;30/09/2025 23:15;0
GREEN_VALUE_BZ01_NDR_MS_N;18421;30/09/2025 23:30;0
GREEN_VALUE_BZ01_NDR_MS_N;18421;30/09/2025 23:45;0
GREEN_VALUE_BZ01_NDR_MS_N;18421;30/09/2025 24:00;0
GREEN_VALUE_BZ01_NDR_MS_N;18421;01/10/2025 00:15;0
GREEN_VALUE_BZ01_NDR_MS_N;18421;01/10/2025 00:30;0
GREEN_VALUE_BZ01_NDR_MS_N;18421;01/10/2025 00:45;0
GREEN_VALUE_BZ01_NDR_MS_N;18421;01/10/2025 01:00;0
GREEN_VALUE_BZ01_NDR_MS_N;18422;30/09/2025 01:15;0
GREEN_VALUE_BZ01_NDR_MS_N;18422;30/09/2025 01:30;0
GREEN_VALUE_BZ01_NDR_MS_N;18422;30/09/2025 01:45;0
GREEN_VALUE_BZ01_NDR_MS_N;18422;30/09/2025 02:00;0
GREEN_VALUE_BZ01_NDR_MS_N;18422;30/09/2025 02:15;0
GREEN_VALUE_BZ01_NDR_MS_N;18422;30/09/2025 02:30;0
GREEN_VALUE_BZ01_NDR_MS_N;18422;30/09/2025 02:45;0
GREEN_VALUE_BZ01_NDR_MS_N;18422;30/09/2025 03:00;0
GREEN_VALUE_BZ01_NDR_MS_N;18422;30/09/2025 03:15;0
GREEN_VALUE_BZ01_NDR_MS_N;18422;30/09/2025 03:30;0
GREEN_VALUE_BZ01_NDR_MS_N;18422;30/09/2025 03:45;0
GREEN_VALUE_BZ01_NDR_MS_N;18422;30/09/2025 04:00;0
GREEN_VALUE_BZ01_NDR_MS_N;18422;30/09/2025 04:15;0
GREEN_VALUE_BZ01_NDR_MS_N;18422;30/09/2025 04:30;0
GREEN_VALUE_BZ01_NDR_MS_N;18422;30/09/2025 04:45;0
GREEN_VALUE_BZ01_NDR_MS_N;18422;30/09/2025 05:00;0
GREEN_VALUE_BZ01_NDR_MS_N;18422;30/09/2025 05:15;0
GREEN_VALUE_BZ01_NDR_MS_N;18422;30/09/2025 05:30;0
GREEN_VALUE_BZ01_NDR_MS_N;18422;30/09/2025 05:45;0
GREEN_VALUE_BZ01_NDR_MS_N;18422;30/09/2025 06:00;0
GREEN_VALUE_BZ01_NDR_MS_N;18422;30/09/2025 06:15;0
GREEN_VALUE_BZ01_NDR_MS_N;18422;30/09/2025 06:30;0
GREEN_VALUE_BZ01_NDR_MS_N;18422;30/09/2025 06:45;0
GREEN_VALUE_BZ01_NDR_MS_N;18422;30/09/2025 07:00;0
GREEN_VALUE_BZ01_NDR_MS_N;18422;30/09/2025 07:15;0
GREEN_VALUE_BZ01_NDR_MS_N;18422;30/09/2025 07:30;.03
GREEN_VALUE_BZ01_NDR_MS_N;18422;30/09/2025 07:45;2.01
GREEN_VALUE_BZ01_NDR_MS_N;18422;30/09/2025 08:00;9.6
GREEN_VALUE_BZ01_NDR_MS_N;18422;30/09/2025 08:15;12.09
GREEN_VALUE_BZ01_NDR_MS_N;18422;30/09/2025 08:30;16.41
GREEN_VALUE_BZ01_NDR_MS_N;18422;30/09/2025 08:45;26.16
GREEN_VALUE_BZ01_NDR_MS_N;18422;30/09/2025 09:00;56.28
GREEN_VALUE_BZ01_NDR_MS_N;18422;30/09/2025 09:15;46.74
GREEN_VALUE_BZ01_NDR_MS_N;18422;30/09/2025 09:30;31.32
GREEN_VALUE_BZ01_NDR_MS_N;18422;30/09/2025 09:45;51.3
GREEN_VALUE_BZ01_NDR_MS_N;18422;30/09/2025 10:00;53.67
GREEN_VALUE_BZ01_NDR_MS_N;18422;30/09/2025 10:15;107.04
GREEN_VALUE_BZ01_NDR_MS_N;18422;30/09/2025 10:30;153.21
GREEN_VALUE_BZ01_NDR_MS_N;18422;30/09/2025 10:45;167.25
GREEN_VALUE_BZ01_NDR_MS_N;18422;30/09/2025 11:00;65.97
GREEN_VALUE_BZ01_NDR_MS_N;18422;30/09/2025 11:15;35.04
GREEN_VALUE_BZ01_NDR_MS_N;18422;30/09/2025 11:30;40.59
GREEN_VALUE_BZ01_NDR_MS_N;18422;30/09/2025 11:45;41.7
GREEN_VALUE_BZ01_NDR_MS_N;18422;30/09/2025 12:00;42
GREEN_VALUE_BZ01_NDR_MS_N;18422;30/09/2025 12:15;29.25
GREEN_VALUE_BZ01_NDR_MS_N;18422;30/09/2025 12:30;33.75
GREEN_VALUE_BZ01_NDR_MS_N;18422;30/09/2025 12:45;119.7
GREEN_VALUE_BZ01_NDR_MS_N;18422;30/09/2025 13:00;71.49
GREEN_VALUE_BZ01_NDR_MS_N;18422;30/09/2025 13:15;71.49
GREEN_VALUE_BZ01_NDR_MS_N;18422;30/09/2025 13:30;185.43
GREEN_VALUE_BZ01_NDR_MS_N;18422;30/09/2025 13:45;57.36
GREEN_VALUE_BZ01_NDR_MS_N;18422;30/09/2025 14:00;49.14
GREEN_VALUE_BZ01_NDR_MS_N;18422;30/09/2025 14:15;89.67
GREEN_VALUE_BZ01_NDR_MS_N;18422;30/09/2025 14:30;86.16
GREEN_VALUE_BZ01_NDR_MS_N;18422;30/09/2025 14:45;86.58
GREEN_VALUE_BZ01_NDR_MS_N;18422;30/09/2025 15:00;41.43
GREEN_VALUE_BZ01_NDR_MS_N;18422;30/09/2025 15:15;45.36
GREEN_VALUE_BZ01_NDR_MS_N;18422;30/09/2025 15:30;27.33
GREEN_VALUE_BZ01_NDR_MS_N;18422;30/09/2025 15:45;36.54
GREEN_VALUE_BZ01_NDR_MS_N;18422;30/09/2025 16:00;118.44
GREEN_VALUE_BZ01_NDR_MS_N;18422;30/09/2025 16:15;101.64
GREEN_VALUE_BZ01_NDR_MS_N;18422;30/09/2025 16:30;79.86
GREEN_VALUE_BZ01_NDR_MS_N;18422;30/09/2025 16:45;90.24
GREEN_VALUE_BZ01_NDR_MS_N;18422;30/09/2025 17:00;122.49
GREEN_VALUE_BZ01_NDR_MS_N;18422;30/09/2025 17:15;126.96
GREEN_VALUE_BZ01_NDR_MS_N;18422;30/09/2025 17:30;90.45
GREEN_VALUE_BZ01_NDR_MS_N;18422;30/09/2025 17:45;87.18
GREEN_VALUE_BZ01_NDR_MS_N;18422;30/09/2025 18:00;60.42
GREEN_VALUE_BZ01_NDR_MS_N;18422;30/09/2025 18:15;49.23
GREEN_VALUE_BZ01_NDR_MS_N;18422;30/09/2025 18:30;27.27
GREEN_VALUE_BZ01_NDR_MS_N;18422;30/09/2025 18:45;19.98
GREEN_VALUE_BZ01_NDR_MS_N;18422;30/09/2025 19:00;10.38
GREEN_VALUE_BZ01_NDR_MS_N;18422;30/09/2025 19:15;2.37
GREEN_VALUE_BZ01_NDR_MS_N;18422;30/09/2025 19:30;.15
GREEN_VALUE_BZ01_NDR_MS_N;18422;30/09/2025 19:45;0
GREEN_VALUE_BZ01_NDR_MS_N;18422;30/09/2025 20:00;0
GREEN_VALUE_BZ01_NDR_MS_N;18422;30/09/2025 20:15;0
GREEN_VALUE_BZ01_NDR_MS_N;18422;30/09/2025 20:30;0
GREEN_VALUE_BZ01_NDR_MS_N;18422;30/09/2025 20:45;0
GREEN_VALUE_BZ01_NDR_MS_N;18422;30/09/2025 21:00;0
GREEN_VALUE_BZ01_NDR_MS_N;18422;30/09/2025 21:15;0
GREEN_VALUE_BZ01_NDR_MS_N;18422;30/09/2025 21:30;0
GREEN_VALUE_BZ01_NDR_MS_N;18422;30/09/2025 21:45;0
GREEN_VALUE_BZ01_NDR_MS_N;18422;30/09/2025 22:00;0
GREEN_VALUE_BZ01_NDR_MS_N;18422;30/09/2025 22:15;0
GREEN_VALUE_BZ01_NDR_MS_N;18422;30/09/2025 22:30;0
GREEN_VALUE_BZ01_NDR_MS_N;18422;30/09/2025 22:45;0
GREEN_VALUE_BZ01_NDR_MS_N;18422;30/09/2025 23:00;0
GREEN_VALUE_BZ01_NDR_MS_N;18422;30/09/2025 23:15;0
GREEN_VALUE_BZ01_NDR_MS_N;18422;30/09/2025 23:30;0
GREEN_VALUE_BZ01_NDR_MS_N;18422;30/09/2025 23:45;0
GREEN_VALUE_BZ01_NDR_MS_N;18422;30/09/2025 24:00;0
GREEN_VALUE_BZ01_NDR_MS_N;18422;01/10/2025 00:15;0
GREEN_VALUE_BZ01_NDR_MS_N;18422;01/10/2025 00:30;0
GREEN_VALUE_BZ01_NDR_MS_N;18422;01/10/2025 00:45;0
GREEN_VALUE_BZ01_NDR_MS_N;18422;01/10/2025 01:00;0
GREEN_VALUE_BZ01_NDR_MS_N;18423;30/09/2025 01:15;0
GREEN_VALUE_BZ01_NDR_MS_N;18423;30/09/2025 01:30;0
GREEN_VALUE_BZ01_NDR_MS_N;18423;30/09/2025 01:45;0
GREEN_VALUE_BZ01_NDR_MS_N;18423;30/09/2025 02:00;0
GREEN_VALUE_BZ01_NDR_MS_N;18423;30/09/2025 02:15;0
GREEN_VALUE_BZ01_NDR_MS_N;18423;30/09/2025 02:30;0
GREEN_VALUE_BZ01_NDR_MS_N;18423;30/09/2025 02:45;0
GREEN_VALUE_BZ01_NDR_MS_N;18423;30/09/2025 03:00;0
GREEN_VALUE_BZ01_NDR_MS_N;18423;30/09/2025 03:15;0
GREEN_VALUE_BZ01_NDR_MS_N;18423;30/09/2025 03:30;0
GREEN_VALUE_BZ01_NDR_MS_N;18423;30/09/2025 03:45;0
GREEN_VALUE_BZ01_NDR_MS_N;18423;30/09/2025 04:00;0
GREEN_VALUE_BZ01_NDR_MS_N;18423;30/09/2025 04:15;0
GREEN_VALUE_BZ01_NDR_MS_N;18423;30/09/2025 04:30;0
GREEN_VALUE_BZ01_NDR_MS_N;18423;30/09/2025 04:45;0
GREEN_VALUE_BZ01_NDR_MS_N;18423;30/09/2025 05:00;0
GREEN_VALUE_BZ01_NDR_MS_N;18423;30/09/2025 05:15;0
GREEN_VALUE_BZ01_NDR_MS_N;18423;30/09/2025 05:30;0
GREEN_VALUE_BZ01_NDR_MS_N;18423;30/09/2025 05:45;0
GREEN_VALUE_BZ01_NDR_MS_N;18423;30/09/2025 06:00;0
GREEN_VALUE_BZ01_NDR_MS_N;18423;30/09/2025 06:15;0
GREEN_VALUE_BZ01_NDR_MS_N;18423;30/09/2025 06:30;0
GREEN_VALUE_BZ01_NDR_MS_N;18423;30/09/2025 06:45;0
GREEN_VALUE_BZ01_NDR_MS_N;18423;30/09/2025 07:00;0
GREEN_VALUE_BZ01_NDR_MS_N;18423;30/09/2025 07:15;0
GREEN_VALUE_BZ01_NDR_MS_N;18423;30/09/2025 07:30;.03
GREEN_VALUE_BZ01_NDR_MS_N;18423;30/09/2025 07:45;2.4
GREEN_VALUE_BZ01_NDR_MS_N;18423;30/09/2025 08:00;8.49
GREEN_VALUE_BZ01_NDR_MS_N;18423;30/09/2025 08:15;12.69
GREEN_VALUE_BZ01_NDR_MS_N;18423;30/09/2025 08:30;22.62
GREEN_VALUE_BZ01_NDR_MS_N;18423;30/09/2025 08:45;23.43
GREEN_VALUE_BZ01_NDR_MS_N;18423;30/09/2025 09:00;35.01
GREEN_VALUE_BZ01_NDR_MS_N;18423;30/09/2025 09:15;25.65
GREEN_VALUE_BZ01_NDR_MS_N;18423;30/09/2025 09:30;43.95
GREEN_VALUE_BZ01_NDR_MS_N;18423;30/09/2025 09:45;78.06
GREEN_VALUE_BZ01_NDR_MS_N;18423;30/09/2025 10:00;112.05
GREEN_VALUE_BZ01_NDR_MS_N;18423;30/09/2025 10:15;119.22
GREEN_VALUE_BZ01_NDR_MS_N;18423;30/09/2025 10:30;83.22
GREEN_VALUE_BZ01_NDR_MS_N;18423;30/09/2025 10:45;99.63
GREEN_VALUE_BZ01_NDR_MS_N;18423;30/09/2025 11:00;105.18
GREEN_VALUE_BZ01_NDR_MS_N;18423;30/09/2025 11:15;125.19
GREEN_VALUE_BZ01_NDR_MS_N;18423;30/09/2025 11:30;125.22
GREEN_VALUE_BZ01_NDR_MS_N;18423;30/09/2025 11:45;125.19
GREEN_VALUE_BZ01_NDR_MS_N;18423;30/09/2025 12:00;125.22
GREEN_VALUE_BZ01_NDR_MS_N;18423;30/09/2025 12:15;125.22
GREEN_VALUE_BZ01_NDR_MS_N;18423;30/09/2025 12:30;125.34
GREEN_VALUE_BZ01_NDR_MS_N;18423;30/09/2025 12:45;125.16
GREEN_VALUE_BZ01_NDR_MS_N;18423;30/09/2025 13:00;125.16
GREEN_VALUE_BZ01_NDR_MS_N;18423;30/09/2025 13:15;125.19
GREEN_VALUE_BZ01_NDR_MS_N;18423;30/09/2025 13:30;125.16
GREEN_VALUE_BZ01_NDR_MS_N;18423;30/09/2025 13:45;125.19
GREEN_VALUE_BZ01_NDR_MS_N;18423;30/09/2025 14:00;125.16
GREEN_VALUE_BZ01_NDR_MS_N;18423;30/09/2025 14:15;125.16
GREEN_VALUE_BZ01_NDR_MS_N;18423;30/09/2025 14:30;125.16
GREEN_VALUE_BZ01_NDR_MS_N;18423;30/09/2025 14:45;125.16
GREEN_VALUE_BZ01_NDR_MS_N;18423;30/09/2025 15:00;125.16
GREEN_VALUE_BZ01_NDR_MS_N;18423;30/09/2025 15:15;125.16
GREEN_VALUE_BZ01_NDR_MS_N;18423;30/09/2025 15:30;125.28
GREEN_VALUE_BZ01_NDR_MS_N;18423;30/09/2025 15:45;119.46
GREEN_VALUE_BZ01_NDR_MS_N;18423;30/09/2025 16:00;125.16
GREEN_VALUE_BZ01_NDR_MS_N;18423;30/09/2025 16:15;124.83
GREEN_VALUE_BZ01_NDR_MS_N;18423;30/09/2025 16:30;122.97
GREEN_VALUE_BZ01_NDR_MS_N;18423;30/09/2025 16:45;106.68
GREEN_VALUE_BZ01_NDR_MS_N;18423;30/09/2025 17:00;95.76
GREEN_VALUE_BZ01_NDR_MS_N;18423;30/09/2025 17:15;97.14
GREEN_VALUE_BZ01_NDR_MS_N;18423;30/09/2025 17:30;76.89
GREEN_VALUE_BZ01_NDR_MS_N;18423;30/09/2025 17:45;55.17
GREEN_VALUE_BZ01_NDR_MS_N;18423;30/09/2025 18:00;19.95
GREEN_VALUE_BZ01_NDR_MS_N;18423;30/09/2025 18:15;16.05
GREEN_VALUE_BZ01_NDR_MS_N;18423;30/09/2025 18:30;10.23
GREEN_VALUE_BZ01_NDR_MS_N;18423;30/09/2025 18:45;4.17
GREEN_VALUE_BZ01_NDR_MS_N;18423;30/09/2025 19:00;2.04
GREEN_VALUE_BZ01_NDR_MS_N;18423;30/09/2025 19:15;.57
GREEN_VALUE_BZ01_NDR_MS_N;18423;30/09/2025 19:30;0
GREEN_VALUE_BZ01_NDR_MS_N;18423;30/09/2025 19:45;0
GREEN_VALUE_BZ01_NDR_MS_N;18423;30/09/2025 20:00;0
GREEN_VALUE_BZ01_NDR_MS_N;18423;30/09/2025 20:15;0
GREEN_VALUE_BZ01_NDR_MS_N;18423;30/09/2025 20:30;0
GREEN_VALUE_BZ01_NDR_MS_N;18423;30/09/2025 20:45;0
GREEN_VALUE_BZ01_NDR_MS_N;18423;30/09/2025 21:00;0
GREEN_VALUE_BZ01_NDR_MS_N;18423;30/09/2025 21:15;0
GREEN_VALUE_BZ01_NDR_MS_N;18423;30/09/2025 21:30;0
GREEN_VALUE_BZ01_NDR_MS_N;18423;30/09/2025 21:45;0
GREEN_VALUE_BZ01_NDR_MS_N;18423;30/09/2025 22:00;0
GREEN_VALUE_BZ01_NDR_MS_N;18423;30/09/2025 22:15;0
GREEN_VALUE_BZ01_NDR_MS_N;18423;30/09/2025 22:30;0
GREEN_VALUE_BZ01_NDR_MS_N;18423;30/09/2025 22:45;0
GREEN_VALUE_BZ01_NDR_MS_N;18423;30/09/2025 23:00;0
GREEN_VALUE_BZ01_NDR_MS_N;18423;30/09/2025 23:15;0
GREEN_VALUE_BZ01_NDR_MS_N;18423;30/09/2025 23:30;0
GREEN_VALUE_BZ01_NDR_MS_N;18423;30/09/2025 23:45;0
GREEN_VALUE_BZ01_NDR_MS_N;18423;30/09/2025 24:00;0
GREEN_VALUE_BZ01_NDR_MS_N;18423;01/10/2025 00:15;0
GREEN_VALUE_BZ01_NDR_MS_N;18423;01/10/2025 00:30;0
GREEN_VALUE_BZ01_NDR_MS_N;18423;01/10/2025 00:45;0
GREEN_VALUE_BZ01_NDR_MS_N;18423;01/10/2025 01:00;0
GREEN_VALUE_BZ01_NDR_MS_N;18424;30/09/2025 01:15;0
GREEN_VALUE_BZ01_NDR_MS_N;18424;30/09/2025 01:30;0
GREEN_VALUE_BZ01_NDR_MS_N;18424;30/09/2025 01:45;0
GREEN_VALUE_BZ01_NDR_MS_N;18424;30/09/2025 02:00;0
GREEN_VALUE_BZ01_NDR_MS_N;18424;30/09/2025 02:15;0
GREEN_VALUE_BZ01_NDR_MS_N;18424;30/09/2025 02:30;0
GREEN_VALUE_BZ01_NDR_MS_N;18424;30/09/2025 02:45;0
GREEN_VALUE_BZ01_NDR_MS_N;18424;30/09/2025 03:00;0
GREEN_VALUE_BZ01_NDR_MS_N;18424;30/09/2025 03:15;0
GREEN_VALUE_BZ01_NDR_MS_N;18424;30/09/2025 03:30;0
GREEN_VALUE_BZ01_NDR_MS_N;18424;30/09/2025 03:45;0
GREEN_VALUE_BZ01_NDR_MS_N;18424;30/09/2025 04:00;0
GREEN_VALUE_BZ01_NDR_MS_N;18424;30/09/2025 04:15;0
GREEN_VALUE_BZ01_NDR_MS_N;18424;30/09/2025 04:30;0
GREEN_VALUE_BZ01_NDR_MS_N;18424;30/09/2025 04:45;0
GREEN_VALUE_BZ01_NDR_MS_N;18424;30/09/2025 05:00;0
GREEN_VALUE_BZ01_NDR_MS_N;18424;30/09/2025 05:15;0
GREEN_VALUE_BZ01_NDR_MS_N;18424;30/09/2025 05:30;0
GREEN_VALUE_BZ01_NDR_MS_N;18424;30/09/2025 05:45;0
GREEN_VALUE_BZ01_NDR_MS_N;18424;30/09/2025 06:00;0
GREEN_VALUE_BZ01_NDR_MS_N;18424;30/09/2025 06:15;0
GREEN_VALUE_BZ01_NDR_MS_N;18424;30/09/2025 06:30;0
GREEN_VALUE_BZ01_NDR_MS_N;18424;30/09/2025 06:45;0
GREEN_VALUE_BZ01_NDR_MS_N;18424;30/09/2025 07:00;0
GREEN_VALUE_BZ01_NDR_MS_N;18424;30/09/2025 07:15;0
GREEN_VALUE_BZ01_NDR_MS_N;18424;30/09/2025 07:30;.03
GREEN_VALUE_BZ01_NDR_MS_N;18424;30/09/2025 07:45;2.13
GREEN_VALUE_BZ01_NDR_MS_N;18424;30/09/2025 08:00;9.78
GREEN_VALUE_BZ01_NDR_MS_N;18424;30/09/2025 08:15;16.86
GREEN_VALUE_BZ01_NDR_MS_N;18424;30/09/2025 08:30;25.35
GREEN_VALUE_BZ01_NDR_MS_N;18424;30/09/2025 08:45;42.45
GREEN_VALUE_BZ01_NDR_MS_N;18424;30/09/2025 09:00;31.11
GREEN_VALUE_BZ01_NDR_MS_N;18424;30/09/2025 09:15;71.46
GREEN_VALUE_BZ01_NDR_MS_N;18424;30/09/2025 09:30;88.92
GREEN_VALUE_BZ01_NDR_MS_N;18424;30/09/2025 09:45;127.98
GREEN_VALUE_BZ01_NDR_MS_N;18424;30/09/2025 10:00;89.1
GREEN_VALUE_BZ01_NDR_MS_N;18424;30/09/2025 10:15;132.27
GREEN_VALUE_BZ01_NDR_MS_N;18424;30/09/2025 10:30;121.83
GREEN_VALUE_BZ01_NDR_MS_N;18424;30/09/2025 10:45;143.64
GREEN_VALUE_BZ01_NDR_MS_N;18424;30/09/2025 11:00;169.77
GREEN_VALUE_BZ01_NDR_MS_N;18424;30/09/2025 11:15;166.98
GREEN_VALUE_BZ01_NDR_MS_N;18424;30/09/2025 11:30;162.63
GREEN_VALUE_BZ01_NDR_MS_N;18424;30/09/2025 11:45;145.35
GREEN_VALUE_BZ01_NDR_MS_N;18424;30/09/2025 12:00;136.92
GREEN_VALUE_BZ01_NDR_MS_N;18424;30/09/2025 12:15;160.5
GREEN_VALUE_BZ01_NDR_MS_N;18424;30/09/2025 12:30;162.12
GREEN_VALUE_BZ01_NDR_MS_N;18424;30/09/2025 12:45;163.8
GREEN_VALUE_BZ01_NDR_MS_N;18424;30/09/2025 13:00;164.88
GREEN_VALUE_BZ01_NDR_MS_N;18424;30/09/2025 13:15;163.11
GREEN_VALUE_BZ01_NDR_MS_N;18424;30/09/2025 13:30;163.62
GREEN_VALUE_BZ01_NDR_MS_N;18424;30/09/2025 13:45;163.29
GREEN_VALUE_BZ01_NDR_MS_N;18424;30/09/2025 14:00;166.35
GREEN_VALUE_BZ01_NDR_MS_N;18424;30/09/2025 14:15;168.18
GREEN_VALUE_BZ01_NDR_MS_N;18424;30/09/2025 14:30;166.32
GREEN_VALUE_BZ01_NDR_MS_N;18424;30/09/2025 14:45;167.76
GREEN_VALUE_BZ01_NDR_MS_N;18424;30/09/2025 15:00;168.69
GREEN_VALUE_BZ01_NDR_MS_N;18424;30/09/2025 15:15;169.8
GREEN_VALUE_BZ01_NDR_MS_N;18424;30/09/2025 15:30;132.12
GREEN_VALUE_BZ01_NDR_MS_N;18424;30/09/2025 15:45;176.37
GREEN_VALUE_BZ01_NDR_MS_N;18424;30/09/2025 16:00;162.06
GREEN_VALUE_BZ01_NDR_MS_N;18424;30/09/2025 16:15;171.27
GREEN_VALUE_BZ01_NDR_MS_N;18424;30/09/2025 16:30;140.7
GREEN_VALUE_BZ01_NDR_MS_N;18424;30/09/2025 16:45;156.6
GREEN_VALUE_BZ01_NDR_MS_N;18424;30/09/2025 17:00;101.58
GREEN_VALUE_BZ01_NDR_MS_N;18424;30/09/2025 17:15;112.17
GREEN_VALUE_BZ01_NDR_MS_N;18424;30/09/2025 17:30;104.88
GREEN_VALUE_BZ01_NDR_MS_N;18424;30/09/2025 17:45;68.25
GREEN_VALUE_BZ01_NDR_MS_N;18424;30/09/2025 18:00;72.54
GREEN_VALUE_BZ01_NDR_MS_N;18424;30/09/2025 18:15;16.83
GREEN_VALUE_BZ01_NDR_MS_N;18424;30/09/2025 18:30;11.76
GREEN_VALUE_BZ01_NDR_MS_N;18424;30/09/2025 18:45;5.46
GREEN_VALUE_BZ01_NDR_MS_N;18424;30/09/2025 19:00;2.73
GREEN_VALUE_BZ01_NDR_MS_N;18424;30/09/2025 19:15;.72
GREEN_VALUE_BZ01_NDR_MS_N;18424;30/09/2025 19:30;0
GREEN_VALUE_BZ01_NDR_MS_N;18424;30/09/2025 19:45;0
GREEN_VALUE_BZ01_NDR_MS_N;18424;30/09/2025 20:00;0
GREEN_VALUE_BZ01_NDR_MS_N;18424;30/09/2025 20:15;0
GREEN_VALUE_BZ01_NDR_MS_N;18424;30/09/2025 20:30;0
GREEN_VALUE_BZ01_NDR_MS_N;18424;30/09/2025 20:45;0
GREEN_VALUE_BZ01_NDR_MS_N;18424;30/09/2025 21:00;0
GREEN_VALUE_BZ01_NDR_MS_N;18424;30/09/2025 21:15;0
GREEN_VALUE_BZ01_NDR_MS_N;18424;30/09/2025 21:30;0
GREEN_VALUE_BZ01_NDR_MS_N;18424;30/09/2025 21:45;0
GREEN_VALUE_BZ01_NDR_MS_N;18424;30/09/2025 22:00;0
GREEN_VALUE_BZ01_NDR_MS_N;18424;30/09/2025 22:15;0
GREEN_VALUE_BZ01_NDR_MS_N;18424;30/09/2025 22:30;0
GREEN_VALUE_BZ01_NDR_MS_N;18424;30/09/2025 22:45;0
GREEN_VALUE_BZ01_NDR_MS_N;18424;30/09/2025 23:00;0
GREEN_VALUE_BZ01_NDR_MS_N;18424;30/09/2025 23:15;0
GREEN_VALUE_BZ01_NDR_MS_N;18424;30/09/2025 23:30;0
GREEN_VALUE_BZ01_NDR_MS_N;18424;30/09/2025 23:45;0
GREEN_VALUE_BZ01_NDR_MS_N;18424;30/09/2025 24:00;0
GREEN_VALUE_BZ01_NDR_MS_N;18424;01/10/2025 00:15;0
GREEN_VALUE_BZ01_NDR_MS_N;18424;01/10/2025 00:30;0
GREEN_VALUE_BZ01_NDR_MS_N;18424;01/10/2025 00:45;0
GREEN_VALUE_BZ01_NDR_MS_N;18424;01/10/2025 01:00;0
GREEN_VALUE_BZ01_NDR_MS_N;19356;30/09/2025 01:15;0
GREEN_VALUE_BZ01_NDR_MS_N;19356;30/09/2025 01:30;0
GREEN_VALUE_BZ01_NDR_MS_N;19356;30/09/2025 01:45;0
GREEN_VALUE_BZ01_NDR_MS_N;19356;30/09/2025 02:00;0
GREEN_VALUE_BZ01_NDR_MS_N;19356;30/09/2025 02:15;0
GREEN_VALUE_BZ01_NDR_MS_N;19356;30/09/2025 02:30;0
GREEN_VALUE_BZ01_NDR_MS_N;19356;30/09/2025 02:45;0
GREEN_VALUE_BZ01_NDR_MS_N;19356;30/09/2025 03:00;0
GREEN_VALUE_BZ01_NDR_MS_N;19356;30/09/2025 03:15;0
GREEN_VALUE_BZ01_NDR_MS_N;19356;30/09/2025 03:30;0
GREEN_VALUE_BZ01_NDR_MS_N;19356;30/09/2025 03:45;0
GREEN_VALUE_BZ01_NDR_MS_N;19356;30/09/2025 04:00;0
GREEN_VALUE_BZ01_NDR_MS_N;19356;30/09/2025 04:15;0
GREEN_VALUE_BZ01_NDR_MS_N;19356;30/09/2025 04:30;0
GREEN_VALUE_BZ01_NDR_MS_N;19356;30/09/2025 04:45;0
GREEN_VALUE_BZ01_NDR_MS_N;19356;30/09/2025 05:00;0
GREEN_VALUE_BZ01_NDR_MS_N;19356;30/09/2025 05:15;0
GREEN_VALUE_BZ01_NDR_MS_N;19356;30/09/2025 05:30;0
GREEN_VALUE_BZ01_NDR_MS_N;19356;30/09/2025 05:45;0
GREEN_VALUE_BZ01_NDR_MS_N;19356;30/09/2025 06:00;0
GREEN_VALUE_BZ01_NDR_MS_N;19356;30/09/2025 06:15;0
GREEN_VALUE_BZ01_NDR_MS_N;19356;30/09/2025 06:30;0
GREEN_VALUE_BZ01_NDR_MS_N;19356;30/09/2025 06:45;0
GREEN_VALUE_BZ01_NDR_MS_N;19356;30/09/2025 07:00;0
GREEN_VALUE_BZ01_NDR_MS_N;19356;30/09/2025 07:15;0
GREEN_VALUE_BZ01_NDR_MS_N;19356;30/09/2025 07:30;0
GREEN_VALUE_BZ01_NDR_MS_N;19356;30/09/2025 07:45;1.04
GREEN_VALUE_BZ01_NDR_MS_N;19356;30/09/2025 08:00;4.94
GREEN_VALUE_BZ01_NDR_MS_N;19356;30/09/2025 08:15;11.3
GREEN_VALUE_BZ01_NDR_MS_N;19356;30/09/2025 08:30;19.32
GREEN_VALUE_BZ01_NDR_MS_N;19356;30/09/2025 08:45;14.74
GREEN_VALUE_BZ01_NDR_MS_N;19356;30/09/2025 09:00;15.46
GREEN_VALUE_BZ01_NDR_MS_N;19356;30/09/2025 09:15;20.12
GREEN_VALUE_BZ01_NDR_MS_N;19356;30/09/2025 09:30;47.76
GREEN_VALUE_BZ01_NDR_MS_N;19356;30/09/2025 09:45;23.58
GREEN_VALUE_BZ01_NDR_MS_N;19356;30/09/2025 10:00;18.34
GREEN_VALUE_BZ01_NDR_MS_N;19356;30/09/2025 10:15;26.18
GREEN_VALUE_BZ01_NDR_MS_N;19356;30/09/2025 10:30;71.2
GREEN_VALUE_BZ01_NDR_MS_N;19356;30/09/2025 10:45;76.06
GREEN_VALUE_BZ01_NDR_MS_N;19356;30/09/2025 11:00;79.04
GREEN_VALUE_BZ01_NDR_MS_N;19356;30/09/2025 11:15;84.2
GREEN_VALUE_BZ01_NDR_MS_N;19356;30/09/2025 11:30;88.54
GREEN_VALUE_BZ01_NDR_MS_N;19356;30/09/2025 11:45;87.92
GREEN_VALUE_BZ01_NDR_MS_N;19356;30/09/2025 12:00;76.2
GREEN_VALUE_BZ01_NDR_MS_N;19356;30/09/2025 12:15;50.72
GREEN_VALUE_BZ01_NDR_MS_N;19356;30/09/2025 12:30;49.7
GREEN_VALUE_BZ01_NDR_MS_N;19356;30/09/2025 12:45;62.88
GREEN_VALUE_BZ01_NDR_MS_N;19356;30/09/2025 13:00;45.94
GREEN_VALUE_BZ01_NDR_MS_N;19356;30/09/2025 13:15;53.74
GREEN_VALUE_BZ01_NDR_MS_N;19356;30/09/2025 13:30;57.12
GREEN_VALUE_BZ01_NDR_MS_N;19356;30/09/2025 13:45;32.92
GREEN_VALUE_BZ01_NDR_MS_N;19356;30/09/2025 14:00;39.42
GREEN_VALUE_BZ01_NDR_MS_N;19356;30/09/2025 14:15;86.24
GREEN_VALUE_BZ01_NDR_MS_N;19356;30/09/2025 14:30;86.78
GREEN_VALUE_BZ01_NDR_MS_N;19356;30/09/2025 14:45;93.18
GREEN_VALUE_BZ01_NDR_MS_N;19356;30/09/2025 15:00;42.68
GREEN_VALUE_BZ01_NDR_MS_N;19356;30/09/2025 15:15;85.98
GREEN_VALUE_BZ01_NDR_MS_N;19356;30/09/2025 15:30;75.34
GREEN_VALUE_BZ01_NDR_MS_N;19356;30/09/2025 15:45;40.78
GREEN_VALUE_BZ01_NDR_MS_N;19356;30/09/2025 16:00;55.18
GREEN_VALUE_BZ01_NDR_MS_N;19356;30/09/2025 16:15;68.14
GREEN_VALUE_BZ01_NDR_MS_N;19356;30/09/2025 16:30;53.36
GREEN_VALUE_BZ01_NDR_MS_N;19356;30/09/2025 16:45;30.76
GREEN_VALUE_BZ01_NDR_MS_N;19356;30/09/2025 17:00;24.18
GREEN_VALUE_BZ01_NDR_MS_N;19356;30/09/2025 17:15;11.28
GREEN_VALUE_BZ01_NDR_MS_N;19356;30/09/2025 17:30;24.86
GREEN_VALUE_BZ01_NDR_MS_N;19356;30/09/2025 17:45;15.14
GREEN_VALUE_BZ01_NDR_MS_N;19356;30/09/2025 18:00;12.18
GREEN_VALUE_BZ01_NDR_MS_N;19356;30/09/2025 18:15;4.12
GREEN_VALUE_BZ01_NDR_MS_N;19356;30/09/2025 18:30;3.16
GREEN_VALUE_BZ01_NDR_MS_N;19356;30/09/2025 18:45;1.96
GREEN_VALUE_BZ01_NDR_MS_N;19356;30/09/2025 19:00;1.72
GREEN_VALUE_BZ01_NDR_MS_N;19356;30/09/2025 19:15;.24
GREEN_VALUE_BZ01_NDR_MS_N;19356;30/09/2025 19:30;0
GREEN_VALUE_BZ01_NDR_MS_N;19356;30/09/2025 19:45;0
GREEN_VALUE_BZ01_NDR_MS_N;19356;30/09/2025 20:00;0
GREEN_VALUE_BZ01_NDR_MS_N;19356;30/09/2025 20:15;0
GREEN_VALUE_BZ01_NDR_MS_N;19356;30/09/2025 20:30;0
GREEN_VALUE_BZ01_NDR_MS_N;19356;30/09/2025 20:45;0
GREEN_VALUE_BZ01_NDR_MS_N;19356;30/09/2025 21:00;0
GREEN_VALUE_BZ01_NDR_MS_N;19356;30/09/2025 21:15;0
GREEN_VALUE_BZ01_NDR_MS_N;19356;30/09/2025 21:30;0
GREEN_VALUE_BZ01_NDR_MS_N;19356;30/09/2025 21:45;0
GREEN_VALUE_BZ01_NDR_MS_N;19356;30/09/2025 22:00;0
GREEN_VALUE_BZ01_NDR_MS_N;19356;30/09/2025 22:15;0
GREEN_VALUE_BZ01_NDR_MS_N;19356;30/09/2025 22:30;0
GREEN_VALUE_BZ01_NDR_MS_N;19356;30/09/2025 22:45;0
GREEN_VALUE_BZ01_NDR_MS_N;19356;30/09/2025 23:00;0
GREEN_VALUE_BZ01_NDR_MS_N;19356;30/09/2025 23:15;0
GREEN_VALUE_BZ01_NDR_MS_N;19356;30/09/2025 23:30;0
GREEN_VALUE_BZ01_NDR_MS_N;19356;30/09/2025 23:45;0
GREEN_VALUE_BZ01_NDR_MS_N;19356;30/09/2025 24:00;0
GREEN_VALUE_BZ01_NDR_MS_N;19356;01/10/2025 00:15;0
GREEN_VALUE_BZ01_NDR_MS_N;19356;01/10/2025 00:30;0
GREEN_VALUE_BZ01_NDR_MS_N;19356;01/10/2025 00:45;0
GREEN_VALUE_BZ01_NDR_MS_N;19356;01/10/2025 01:00;0
GREEN_VALUE_BZ01_NDR_MS_N;19625;30/09/2025 01:15;0
GREEN_VALUE_BZ01_NDR_MS_N;19625;30/09/2025 01:30;0
GREEN_VALUE_BZ01_NDR_MS_N;19625;30/09/2025 01:45;0
GREEN_VALUE_BZ01_NDR_MS_N;19625;30/09/2025 02:00;0
GREEN_VALUE_BZ01_NDR_MS_N;19625;30/09/2025 02:15;0
GREEN_VALUE_BZ01_NDR_MS_N;19625;30/09/2025 02:30;0
GREEN_VALUE_BZ01_NDR_MS_N;19625;30/09/2025 02:45;0
GREEN_VALUE_BZ01_NDR_MS_N;19625;30/09/2025 03:00;0
GREEN_VALUE_BZ01_NDR_MS_N;19625;30/09/2025 03:15;0
GREEN_VALUE_BZ01_NDR_MS_N;19625;30/09/2025 03:30;0
GREEN_VALUE_BZ01_NDR_MS_N;19625;30/09/2025 03:45;0
GREEN_VALUE_BZ01_NDR_MS_N;19625;30/09/2025 04:00;0
GREEN_VALUE_BZ01_NDR_MS_N;19625;30/09/2025 04:15;0
GREEN_VALUE_BZ01_NDR_MS_N;19625;30/09/2025 04:30;0
GREEN_VALUE_BZ01_NDR_MS_N;19625;30/09/2025 04:45;0
GREEN_VALUE_BZ01_NDR_MS_N;19625;30/09/2025 05:00;0
GREEN_VALUE_BZ01_NDR_MS_N;19625;30/09/2025 05:15;0
GREEN_VALUE_BZ01_NDR_MS_N;19625;30/09/2025 05:30;0
GREEN_VALUE_BZ01_NDR_MS_N;19625;30/09/2025 05:45;0
GREEN_VALUE_BZ01_NDR_MS_N;19625;30/09/2025 06:00;0
GREEN_VALUE_BZ01_NDR_MS_N;19625;30/09/2025 06:15;0
GREEN_VALUE_BZ01_NDR_MS_N;19625;30/09/2025 06:30;0
GREEN_VALUE_BZ01_NDR_MS_N;19625;30/09/2025 06:45;0
GREEN_VALUE_BZ01_NDR_MS_N;19625;30/09/2025 07:00;0
GREEN_VALUE_BZ01_NDR_MS_N;19625;30/09/2025 07:15;0
GREEN_VALUE_BZ01_NDR_MS_N;19625;30/09/2025 07:30;.02
GREEN_VALUE_BZ01_NDR_MS_N;19625;30/09/2025 07:45;1.6
GREEN_VALUE_BZ01_NDR_MS_N;19625;30/09/2025 08:00;3.58
GREEN_VALUE_BZ01_NDR_MS_N;19625;30/09/2025 08:15;4.38
GREEN_VALUE_BZ01_NDR_MS_N;19625;30/09/2025 08:30;6.02
GREEN_VALUE_BZ01_NDR_MS_N;19625;30/09/2025 08:45;14.48
GREEN_VALUE_BZ01_NDR_MS_N;19625;30/09/2025 09:00;12.32
GREEN_VALUE_BZ01_NDR_MS_N;19625;30/09/2025 09:15;29.94
GREEN_VALUE_BZ01_NDR_MS_N;19625;30/09/2025 09:30;52.24
GREEN_VALUE_BZ01_NDR_MS_N;19625;30/09/2025 09:45;61.72
GREEN_VALUE_BZ01_NDR_MS_N;19625;30/09/2025 10:00;95.66
GREEN_VALUE_BZ01_NDR_MS_N;19625;30/09/2025 10:15;97.82
GREEN_VALUE_BZ01_NDR_MS_N;19625;30/09/2025 10:30;99.22
GREEN_VALUE_BZ01_NDR_MS_N;19625;30/09/2025 10:45;99.48
GREEN_VALUE_BZ01_NDR_MS_N;19625;30/09/2025 11:00;86.74
GREEN_VALUE_BZ01_NDR_MS_N;19625;30/09/2025 11:15;101.22
GREEN_VALUE_BZ01_NDR_MS_N;19625;30/09/2025 11:30;101.4
GREEN_VALUE_BZ01_NDR_MS_N;19625;30/09/2025 11:45;70.5
GREEN_VALUE_BZ01_NDR_MS_N;19625;30/09/2025 12:00;102.68
GREEN_VALUE_BZ01_NDR_MS_N;19625;30/09/2025 12:15;102.96
GREEN_VALUE_BZ01_NDR_MS_N;19625;30/09/2025 12:30;105.06
GREEN_VALUE_BZ01_NDR_MS_N;19625;30/09/2025 12:45;88.32
GREEN_VALUE_BZ01_NDR_MS_N;19625;30/09/2025 13:00;99.72
GREEN_VALUE_BZ01_NDR_MS_N;19625;30/09/2025 13:15;102.88
GREEN_VALUE_BZ01_NDR_MS_N;19625;30/09/2025 13:30;104.98
GREEN_VALUE_BZ01_NDR_MS_N;19625;30/09/2025 13:45;105.14
GREEN_VALUE_BZ01_NDR_MS_N;19625;30/09/2025 14:00;92.84
GREEN_VALUE_BZ01_NDR_MS_N;19625;30/09/2025 14:15;90.2
GREEN_VALUE_BZ01_NDR_MS_N;19625;30/09/2025 14:30;89.42
GREEN_VALUE_BZ01_NDR_MS_N;19625;30/09/2025 14:45;88.7
GREEN_VALUE_BZ01_NDR_MS_N;19625;30/09/2025 15:00;88.74
GREEN_VALUE_BZ01_NDR_MS_N;19625;30/09/2025 15:15;88.86
GREEN_VALUE_BZ01_NDR_MS_N;19625;30/09/2025 15:30;89.32
GREEN_VALUE_BZ01_NDR_MS_N;19625;30/09/2025 15:45;89.28
GREEN_VALUE_BZ01_NDR_MS_N;19625;30/09/2025 16:00;84.64
GREEN_VALUE_BZ01_NDR_MS_N;19625;30/09/2025 16:15;87.86
GREEN_VALUE_BZ01_NDR_MS_N;19625;30/09/2025 16:30;86.82
GREEN_VALUE_BZ01_NDR_MS_N;19625;30/09/2025 16:45;85.68
GREEN_VALUE_BZ01_NDR_MS_N;19625;30/09/2025 17:00;83.56
GREEN_VALUE_BZ01_NDR_MS_N;19625;30/09/2025 17:15;81.52
GREEN_VALUE_BZ01_NDR_MS_N;19625;30/09/2025 17:30;75.08
GREEN_VALUE_BZ01_NDR_MS_N;19625;30/09/2025 17:45;65.54
GREEN_VALUE_BZ01_NDR_MS_N;19625;30/09/2025 18:00;39.98
GREEN_VALUE_BZ01_NDR_MS_N;19625;30/09/2025 18:15;31.76
GREEN_VALUE_BZ01_NDR_MS_N;19625;30/09/2025 18:30;16.78
GREEN_VALUE_BZ01_NDR_MS_N;19625;30/09/2025 18:45;7.88
GREEN_VALUE_BZ01_NDR_MS_N;19625;30/09/2025 19:00;4.98
GREEN_VALUE_BZ01_NDR_MS_N;19625;30/09/2025 19:15;1.38
GREEN_VALUE_BZ01_NDR_MS_N;19625;30/09/2025 19:30;.1
GREEN_VALUE_BZ01_NDR_MS_N;19625;30/09/2025 19:45;0
GREEN_VALUE_BZ01_NDR_MS_N;19625;30/09/2025 20:00;0
GREEN_VALUE_BZ01_NDR_MS_N;19625;30/09/2025 20:15;0
GREEN_VALUE_BZ01_NDR_MS_N;19625;30/09/2025 20:30;0
GREEN_VALUE_BZ01_NDR_MS_N;19625;30/09/2025 20:45;0
GREEN_VALUE_BZ01_NDR_MS_N;19625;30/09/2025 21:00;0
GREEN_VALUE_BZ01_NDR_MS_N;19625;30/09/2025 21:15;0
GREEN_VALUE_BZ01_NDR_MS_N;19625;30/09/2025 21:30;0
GREEN_VALUE_BZ01_NDR_MS_N;19625;30/09/2025 21:45;0
GREEN_VALUE_BZ01_NDR_MS_N;19625;30/09/2025 22:00;0
GREEN_VALUE_BZ01_NDR_MS_N;19625;30/09/2025 22:15;0
GREEN_VALUE_BZ01_NDR_MS_N;19625;30/09/2025 22:30;0
GREEN_VALUE_BZ01_NDR_MS_N;19625;30/09/2025 22:45;0
GREEN_VALUE_BZ01_NDR_MS_N;19625;30/09/2025 23:00;0
GREEN_VALUE_BZ01_NDR_MS_N;19625;30/09/2025 23:15;0
GREEN_VALUE_BZ01_NDR_MS_N;19625;30/09/2025 23:30;0
GREEN_VALUE_BZ01_NDR_MS_N;19625;30/09/2025 23:45;0
GREEN_VALUE_BZ01_NDR_MS_N;19625;30/09/2025 24:00;0
GREEN_VALUE_BZ01_NDR_MS_N;19625;01/10/2025 00:15;0
GREEN_VALUE_BZ01_NDR_MS_N;19625;01/10/2025 00:30;0
GREEN_VALUE_BZ01_NDR_MS_N;19625;01/10/2025 00:45;0
GREEN_VALUE_BZ01_NDR_MS_N;19625;01/10/2025 01:00;0
GREEN_VALUE_BZ01_NDR_MS_N;19811;30/09/2025 01:15;0
GREEN_VALUE_BZ01_NDR_MS_N;19811;30/09/2025 01:30;0
GREEN_VALUE_BZ01_NDR_MS_N;19811;30/09/2025 01:45;0
GREEN_VALUE_BZ01_NDR_MS_N;19811;30/09/2025 02:00;0
GREEN_VALUE_BZ01_NDR_MS_N;19811;30/09/2025 02:15;0
GREEN_VALUE_BZ01_NDR_MS_N;19811;30/09/2025 02:30;0
GREEN_VALUE_BZ01_NDR_MS_N;19811;30/09/2025 02:45;0
GREEN_VALUE_BZ01_NDR_MS_N;19811;30/09/2025 03:00;0
GREEN_VALUE_BZ01_NDR_MS_N;19811;30/09/2025 03:15;0
GREEN_VALUE_BZ01_NDR_MS_N;19811;30/09/2025 03:30;0
GREEN_VALUE_BZ01_NDR_MS_N;19811;30/09/2025 03:45;0
GREEN_VALUE_BZ01_NDR_MS_N;19811;30/09/2025 04:00;0
GREEN_VALUE_BZ01_NDR_MS_N;19811;30/09/2025 04:15;0
GREEN_VALUE_BZ01_NDR_MS_N;19811;30/09/2025 04:30;0
GREEN_VALUE_BZ01_NDR_MS_N;19811;30/09/2025 04:45;0
GREEN_VALUE_BZ01_NDR_MS_N;19811;30/09/2025 05:00;0
GREEN_VALUE_BZ01_NDR_MS_N;19811;30/09/2025 05:15;0
GREEN_VALUE_BZ01_NDR_MS_N;19811;30/09/2025 05:30;0
GREEN_VALUE_BZ01_NDR_MS_N;19811;30/09/2025 05:45;0
GREEN_VALUE_BZ01_NDR_MS_N;19811;30/09/2025 06:00;0
GREEN_VALUE_BZ01_NDR_MS_N;19811;30/09/2025 06:15;0
GREEN_VALUE_BZ01_NDR_MS_N;19811;30/09/2025 06:30;0
GREEN_VALUE_BZ01_NDR_MS_N;19811;30/09/2025 06:45;0
GREEN_VALUE_BZ01_NDR_MS_N;19811;30/09/2025 07:00;0
GREEN_VALUE_BZ01_NDR_MS_N;19811;30/09/2025 07:15;0
GREEN_VALUE_BZ01_NDR_MS_N;19811;30/09/2025 07:30;0
GREEN_VALUE_BZ01_NDR_MS_N;19811;30/09/2025 07:45;0
GREEN_VALUE_BZ01_NDR_MS_N;19811;30/09/2025 08:00;.55
GREEN_VALUE_BZ01_NDR_MS_N;19811;30/09/2025 08:15;4.15
GREEN_VALUE_BZ01_NDR_MS_N;19811;30/09/2025 08:30;9.95
GREEN_VALUE_BZ01_NDR_MS_N;19811;30/09/2025 08:45;6.85
GREEN_VALUE_BZ01_NDR_MS_N;19811;30/09/2025 09:00;15.95
GREEN_VALUE_BZ01_NDR_MS_N;19811;30/09/2025 09:15;64.25
GREEN_VALUE_BZ01_NDR_MS_N;19811;30/09/2025 09:30;123
GREEN_VALUE_BZ01_NDR_MS_N;19811;30/09/2025 09:45;106
GREEN_VALUE_BZ01_NDR_MS_N;19811;30/09/2025 10:00;106.2
GREEN_VALUE_BZ01_NDR_MS_N;19811;30/09/2025 10:15;134.5
GREEN_VALUE_BZ01_NDR_MS_N;19811;30/09/2025 10:30;98.25
GREEN_VALUE_BZ01_NDR_MS_N;19811;30/09/2025 10:45;111.75
GREEN_VALUE_BZ01_NDR_MS_N;19811;30/09/2025 11:00;96.6
GREEN_VALUE_BZ01_NDR_MS_N;19811;30/09/2025 11:15;141.05
GREEN_VALUE_BZ01_NDR_MS_N;19811;30/09/2025 11:30;142.85
GREEN_VALUE_BZ01_NDR_MS_N;19811;30/09/2025 11:45;137.05
GREEN_VALUE_BZ01_NDR_MS_N;19811;30/09/2025 12:00;166.95
GREEN_VALUE_BZ01_NDR_MS_N;19811;30/09/2025 12:15;154.25
GREEN_VALUE_BZ01_NDR_MS_N;19811;30/09/2025 12:30;177.1
GREEN_VALUE_BZ01_NDR_MS_N;19811;30/09/2025 12:45;176.8
GREEN_VALUE_BZ01_NDR_MS_N;19811;30/09/2025 13:00;166.65
GREEN_VALUE_BZ01_NDR_MS_N;19811;30/09/2025 13:15;48.9
GREEN_VALUE_BZ01_NDR_MS_N;19811;30/09/2025 13:30;70.2
GREEN_VALUE_BZ01_NDR_MS_N;19811;30/09/2025 13:45;165.4
GREEN_VALUE_BZ01_NDR_MS_N;19811;30/09/2025 14:00;165
GREEN_VALUE_BZ01_NDR_MS_N;19811;30/09/2025 14:15;142.6
GREEN_VALUE_BZ01_NDR_MS_N;19811;30/09/2025 14:30;165.3
GREEN_VALUE_BZ01_NDR_MS_N;19811;30/09/2025 14:45;166.7
GREEN_VALUE_BZ01_NDR_MS_N;19811;30/09/2025 15:00;168.3
GREEN_VALUE_BZ01_NDR_MS_N;19811;30/09/2025 15:15;169.4
GREEN_VALUE_BZ01_NDR_MS_N;19811;30/09/2025 15:30;169.95
GREEN_VALUE_BZ01_NDR_MS_N;19811;30/09/2025 15:45;169.85
GREEN_VALUE_BZ01_NDR_MS_N;19811;30/09/2025 16:00;153.95
GREEN_VALUE_BZ01_NDR_MS_N;19811;30/09/2025 16:15;160.05
GREEN_VALUE_BZ01_NDR_MS_N;19811;30/09/2025 16:30;97.6
GREEN_VALUE_BZ01_NDR_MS_N;19811;30/09/2025 16:45;124.8
GREEN_VALUE_BZ01_NDR_MS_N;19811;30/09/2025 17:00;164.5
GREEN_VALUE_BZ01_NDR_MS_N;19811;30/09/2025 17:15;153.7
GREEN_VALUE_BZ01_NDR_MS_N;19811;30/09/2025 17:30;149.6
GREEN_VALUE_BZ01_NDR_MS_N;19811;30/09/2025 17:45;89.6
GREEN_VALUE_BZ01_NDR_MS_N;19811;30/09/2025 18:00;72.4
GREEN_VALUE_BZ01_NDR_MS_N;19811;30/09/2025 18:15;41.05
GREEN_VALUE_BZ01_NDR_MS_N;19811;30/09/2025 18:30;32.55
GREEN_VALUE_BZ01_NDR_MS_N;19811;30/09/2025 18:45;13.15
GREEN_VALUE_BZ01_NDR_MS_N;19811;30/09/2025 19:00;6.85
GREEN_VALUE_BZ01_NDR_MS_N;19811;30/09/2025 19:15;1.9
GREEN_VALUE_BZ01_NDR_MS_N;19811;30/09/2025 19:30;0
GREEN_VALUE_BZ01_NDR_MS_N;19811;30/09/2025 19:45;0
GREEN_VALUE_BZ01_NDR_MS_N;19811;30/09/2025 20:00;0
GREEN_VALUE_BZ01_NDR_MS_N;19811;30/09/2025 20:15;0
GREEN_VALUE_BZ01_NDR_MS_N;19811;30/09/2025 20:30;0
GREEN_VALUE_BZ01_NDR_MS_N;19811;30/09/2025 20:45;0
GREEN_VALUE_BZ01_NDR_MS_N;19811;30/09/2025 21:00;0
GREEN_VALUE_BZ01_NDR_MS_N;19811;30/09/2025 21:15;0
GREEN_VALUE_BZ01_NDR_MS_N;19811;30/09/2025 21:30;0
GREEN_VALUE_BZ01_NDR_MS_N;19811;30/09/2025 21:45;0
GREEN_VALUE_BZ01_NDR_MS_N;19811;30/09/2025 22:00;0
GREEN_VALUE_BZ01_NDR_MS_N;19811;30/09/2025 22:15;0
GREEN_VALUE_BZ01_NDR_MS_N;19811;30/09/2025 22:30;0
GREEN_VALUE_BZ01_NDR_MS_N;19811;30/09/2025 22:45;0
GREEN_VALUE_BZ01_NDR_MS_N;19811;30/09/2025 23:00;0
GREEN_VALUE_BZ01_NDR_MS_N;19811;30/09/2025 23:15;0
GREEN_VALUE_BZ01_NDR_MS_N;19811;30/09/2025 23:30;0
GREEN_VALUE_BZ01_NDR_MS_N;19811;30/09/2025 23:45;0
GREEN_VALUE_BZ01_NDR_MS_N;19811;30/09/2025 24:00;0
GREEN_VALUE_BZ01_NDR_MS_N;19811;01/10/2025 00:15;0
GREEN_VALUE_BZ01_NDR_MS_N;19811;01/10/2025 00:30;0
GREEN_VALUE_BZ01_NDR_MS_N;19811;01/10/2025 00:45;0
GREEN_VALUE_BZ01_NDR_MS_N;19811;01/10/2025 01:00;0
GREEN_VALUE_BZ01_NDR_MS_N;19875;30/09/2025 01:15;0
GREEN_VALUE_BZ01_NDR_MS_N;19875;30/09/2025 01:30;0
GREEN_VALUE_BZ01_NDR_MS_N;19875;30/09/2025 01:45;0
GREEN_VALUE_BZ01_NDR_MS_N;19875;30/09/2025 02:00;0
GREEN_VALUE_BZ01_NDR_MS_N;19875;30/09/2025 02:15;0
GREEN_VALUE_BZ01_NDR_MS_N;19875;30/09/2025 02:30;0
GREEN_VALUE_BZ01_NDR_MS_N;19875;30/09/2025 02:45;0
GREEN_VALUE_BZ01_NDR_MS_N;19875;30/09/2025 03:00;0
GREEN_VALUE_BZ01_NDR_MS_N;19875;30/09/2025 03:15;0
GREEN_VALUE_BZ01_NDR_MS_N;19875;30/09/2025 03:30;0
GREEN_VALUE_BZ01_NDR_MS_N;19875;30/09/2025 03:45;0
GREEN_VALUE_BZ01_NDR_MS_N;19875;30/09/2025 04:00;0
GREEN_VALUE_BZ01_NDR_MS_N;19875;30/09/2025 04:15;0
GREEN_VALUE_BZ01_NDR_MS_N;19875;30/09/2025 04:30;0
GREEN_VALUE_BZ01_NDR_MS_N;19875;30/09/2025 04:45;0
GREEN_VALUE_BZ01_NDR_MS_N;19875;30/09/2025 05:00;0
GREEN_VALUE_BZ01_NDR_MS_N;19875;30/09/2025 05:15;0
GREEN_VALUE_BZ01_NDR_MS_N;19875;30/09/2025 05:30;0
GREEN_VALUE_BZ01_NDR_MS_N;19875;30/09/2025 05:45;0
GREEN_VALUE_BZ01_NDR_MS_N;19875;30/09/2025 06:00;0
GREEN_VALUE_BZ01_NDR_MS_N;19875;30/09/2025 06:15;0
GREEN_VALUE_BZ01_NDR_MS_N;19875;30/09/2025 06:30;0
GREEN_VALUE_BZ01_NDR_MS_N;19875;30/09/2025 06:45;0
GREEN_VALUE_BZ01_NDR_MS_N;19875;30/09/2025 07:00;0
GREEN_VALUE_BZ01_NDR_MS_N;19875;30/09/2025 07:15;0
GREEN_VALUE_BZ01_NDR_MS_N;19875;30/09/2025 07:30;0
GREEN_VALUE_BZ01_NDR_MS_N;19875;30/09/2025 07:45;1.62
GREEN_VALUE_BZ01_NDR_MS_N;19875;30/09/2025 08:00;5.7
GREEN_VALUE_BZ01_NDR_MS_N;19875;30/09/2025 08:15;7.89
GREEN_VALUE_BZ01_NDR_MS_N;19875;30/09/2025 08:30;36.21
GREEN_VALUE_BZ01_NDR_MS_N;19875;30/09/2025 08:45;38.94
GREEN_VALUE_BZ01_NDR_MS_N;19875;30/09/2025 09:00;49.05
GREEN_VALUE_BZ01_NDR_MS_N;19875;30/09/2025 09:15;63.57
GREEN_VALUE_BZ01_NDR_MS_N;19875;30/09/2025 09:30;126.99
GREEN_VALUE_BZ01_NDR_MS_N;19875;30/09/2025 09:45;138.15
GREEN_VALUE_BZ01_NDR_MS_N;19875;30/09/2025 10:00;133.2
GREEN_VALUE_BZ01_NDR_MS_N;19875;30/09/2025 10:15;127.98
GREEN_VALUE_BZ01_NDR_MS_N;19875;30/09/2025 10:30;131.4
GREEN_VALUE_BZ01_NDR_MS_N;19875;30/09/2025 10:45;137.34
GREEN_VALUE_BZ01_NDR_MS_N;19875;30/09/2025 11:00;139.26
GREEN_VALUE_BZ01_NDR_MS_N;19875;30/09/2025 11:15;126.3
GREEN_VALUE_BZ01_NDR_MS_N;19875;30/09/2025 11:30;140.91
GREEN_VALUE_BZ01_NDR_MS_N;19875;30/09/2025 11:45;69.84
GREEN_VALUE_BZ01_NDR_MS_N;19875;30/09/2025 12:00;167.61
GREEN_VALUE_BZ01_NDR_MS_N;19875;30/09/2025 12:15;138.06
GREEN_VALUE_BZ01_NDR_MS_N;19875;30/09/2025 12:30;148.74
GREEN_VALUE_BZ01_NDR_MS_N;19875;30/09/2025 12:45;154.11
GREEN_VALUE_BZ01_NDR_MS_N;19875;30/09/2025 13:00;163.44
GREEN_VALUE_BZ01_NDR_MS_N;19875;30/09/2025 13:15;166.83
GREEN_VALUE_BZ01_NDR_MS_N;19875;30/09/2025 13:30;169.05
GREEN_VALUE_BZ01_NDR_MS_N;19875;30/09/2025 13:45;158.1
GREEN_VALUE_BZ01_NDR_MS_N;19875;30/09/2025 14:00;160.83
GREEN_VALUE_BZ01_NDR_MS_N;19875;30/09/2025 14:15;152.55
GREEN_VALUE_BZ01_NDR_MS_N;19875;30/09/2025 14:30;150.69
GREEN_VALUE_BZ01_NDR_MS_N;19875;30/09/2025 14:45;149.4
GREEN_VALUE_BZ01_NDR_MS_N;19875;30/09/2025 15:00;133.74
GREEN_VALUE_BZ01_NDR_MS_N;19875;30/09/2025 15:15;145.08
GREEN_VALUE_BZ01_NDR_MS_N;19875;30/09/2025 15:30;141.75
GREEN_VALUE_BZ01_NDR_MS_N;19875;30/09/2025 15:45;127.35
GREEN_VALUE_BZ01_NDR_MS_N;19875;30/09/2025 16:00;86.07
GREEN_VALUE_BZ01_NDR_MS_N;19875;30/09/2025 16:15;69.45
GREEN_VALUE_BZ01_NDR_MS_N;19875;30/09/2025 16:30;116.55
GREEN_VALUE_BZ01_NDR_MS_N;19875;30/09/2025 16:45;90.93
GREEN_VALUE_BZ01_NDR_MS_N;19875;30/09/2025 17:00;105.81
GREEN_VALUE_BZ01_NDR_MS_N;19875;30/09/2025 17:15;94.38
GREEN_VALUE_BZ01_NDR_MS_N;19875;30/09/2025 17:30;54.21
GREEN_VALUE_BZ01_NDR_MS_N;19875;30/09/2025 17:45;53.91
GREEN_VALUE_BZ01_NDR_MS_N;19875;30/09/2025 18:00;23.04
GREEN_VALUE_BZ01_NDR_MS_N;19875;30/09/2025 18:15;29.82
GREEN_VALUE_BZ01_NDR_MS_N;19875;30/09/2025 18:30;17.91
GREEN_VALUE_BZ01_NDR_MS_N;19875;30/09/2025 18:45;8.73
GREEN_VALUE_BZ01_NDR_MS_N;19875;30/09/2025 19:00;5.25
GREEN_VALUE_BZ01_NDR_MS_N;19875;30/09/2025 19:15;1.8
GREEN_VALUE_BZ01_NDR_MS_N;19875;30/09/2025 19:30;.12
GREEN_VALUE_BZ01_NDR_MS_N;19875;30/09/2025 19:45;0
GREEN_VALUE_BZ01_NDR_MS_N;19875;30/09/2025 20:00;0
GREEN_VALUE_BZ01_NDR_MS_N;19875;30/09/2025 20:15;0
GREEN_VALUE_BZ01_NDR_MS_N;19875;30/09/2025 20:30;0
GREEN_VALUE_BZ01_NDR_MS_N;19875;30/09/2025 20:45;0
GREEN_VALUE_BZ01_NDR_MS_N;19875;30/09/2025 21:00;0
GREEN_VALUE_BZ01_NDR_MS_N;19875;30/09/2025 21:15;0
GREEN_VALUE_BZ01_NDR_MS_N;19875;30/09/2025 21:30;0
GREEN_VALUE_BZ01_NDR_MS_N;19875;30/09/2025 21:45;0
GREEN_VALUE_BZ01_NDR_MS_N;19875;30/09/2025 22:00;0
GREEN_VALUE_BZ01_NDR_MS_N;19875;30/09/2025 22:15;0
GREEN_VALUE_BZ01_NDR_MS_N;19875;30/09/2025 22:30;0
GREEN_VALUE_BZ01_NDR_MS_N;19875;30/09/2025 22:45;0
GREEN_VALUE_BZ01_NDR_MS_N;19875;30/09/2025 23:00;0
GREEN_VALUE_BZ01_NDR_MS_N;19875;30/09/2025 23:15;0
GREEN_VALUE_BZ01_NDR_MS_N;19875;30/09/2025 23:30;0
GREEN_VALUE_BZ01_NDR_MS_N;19875;30/09/2025 23:45;0
GREEN_VALUE_BZ01_NDR_MS_N;19875;30/09/2025 24:00;0
GREEN_VALUE_BZ01_NDR_MS_N;19875;01/10/2025 00:15;0
GREEN_VALUE_BZ01_NDR_MS_N;19875;01/10/2025 00:30;0
GREEN_VALUE_BZ01_NDR_MS_N;19875;01/10/2025 00:45;0
GREEN_VALUE_BZ01_NDR_MS_N;19875;01/10/2025 01:00;0
GREEN_VALUE_BZ01_NDR_MS_N;19914;30/09/2025 01:15;0
GREEN_VALUE_BZ01_NDR_MS_N;19914;30/09/2025 01:30;0
GREEN_VALUE_BZ01_NDR_MS_N;19914;30/09/2025 01:45;0
GREEN_VALUE_BZ01_NDR_MS_N;19914;30/09/2025 02:00;0
GREEN_VALUE_BZ01_NDR_MS_N;19914;30/09/2025 02:15;0
GREEN_VALUE_BZ01_NDR_MS_N;19914;30/09/2025 02:30;0
GREEN_VALUE_BZ01_NDR_MS_N;19914;30/09/2025 02:45;0
GREEN_VALUE_BZ01_NDR_MS_N;19914;30/09/2025 03:00;0
GREEN_VALUE_BZ01_NDR_MS_N;19914;30/09/2025 03:15;0
GREEN_VALUE_BZ01_NDR_MS_N;19914;30/09/2025 03:30;0
GREEN_VALUE_BZ01_NDR_MS_N;19914;30/09/2025 03:45;0
GREEN_VALUE_BZ01_NDR_MS_N;19914;30/09/2025 04:00;0
GREEN_VALUE_BZ01_NDR_MS_N;19914;30/09/2025 04:15;0
GREEN_VALUE_BZ01_NDR_MS_N;19914;30/09/2025 04:30;0
GREEN_VALUE_BZ01_NDR_MS_N;19914;30/09/2025 04:45;0
GREEN_VALUE_BZ01_NDR_MS_N;19914;30/09/2025 05:00;0
GREEN_VALUE_BZ01_NDR_MS_N;19914;30/09/2025 05:15;0
GREEN_VALUE_BZ01_NDR_MS_N;19914;30/09/2025 05:30;0
GREEN_VALUE_BZ01_NDR_MS_N;19914;30/09/2025 05:45;0
GREEN_VALUE_BZ01_NDR_MS_N;19914;30/09/2025 06:00;0
GREEN_VALUE_BZ01_NDR_MS_N;19914;30/09/2025 06:15;0
GREEN_VALUE_BZ01_NDR_MS_N;19914;30/09/2025 06:30;0
GREEN_VALUE_BZ01_NDR_MS_N;19914;30/09/2025 06:45;0
GREEN_VALUE_BZ01_NDR_MS_N;19914;30/09/2025 07:00;0
GREEN_VALUE_BZ01_NDR_MS_N;19914;30/09/2025 07:15;0
GREEN_VALUE_BZ01_NDR_MS_N;19914;30/09/2025 07:30;.08
GREEN_VALUE_BZ01_NDR_MS_N;19914;30/09/2025 07:45;1.44
GREEN_VALUE_BZ01_NDR_MS_N;19914;30/09/2025 08:00;4.56
GREEN_VALUE_BZ01_NDR_MS_N;19914;30/09/2025 08:15;6.78
GREEN_VALUE_BZ01_NDR_MS_N;19914;30/09/2025 08:30;9.9
GREEN_VALUE_BZ01_NDR_MS_N;19914;30/09/2025 08:45;12.2
GREEN_VALUE_BZ01_NDR_MS_N;19914;30/09/2025 09:00;28.9
GREEN_VALUE_BZ01_NDR_MS_N;19914;30/09/2025 09:15;22.64
GREEN_VALUE_BZ01_NDR_MS_N;19914;30/09/2025 09:30;22.84
GREEN_VALUE_BZ01_NDR_MS_N;19914;30/09/2025 09:45;27.2
GREEN_VALUE_BZ01_NDR_MS_N;19914;30/09/2025 10:00;61.74
GREEN_VALUE_BZ01_NDR_MS_N;19914;30/09/2025 10:15;57.7
GREEN_VALUE_BZ01_NDR_MS_N;19914;30/09/2025 10:30;54.04
GREEN_VALUE_BZ01_NDR_MS_N;19914;30/09/2025 10:45;54.18
GREEN_VALUE_BZ01_NDR_MS_N;19914;30/09/2025 11:00;66.36
GREEN_VALUE_BZ01_NDR_MS_N;19914;30/09/2025 11:15;83.34
GREEN_VALUE_BZ01_NDR_MS_N;19914;30/09/2025 11:30;87.94
GREEN_VALUE_BZ01_NDR_MS_N;19914;30/09/2025 11:45;92.36
GREEN_VALUE_BZ01_NDR_MS_N;19914;30/09/2025 12:00;90.96
GREEN_VALUE_BZ01_NDR_MS_N;19914;30/09/2025 12:15;93.48
GREEN_VALUE_BZ01_NDR_MS_N;19914;30/09/2025 12:30;98.58
GREEN_VALUE_BZ01_NDR_MS_N;19914;30/09/2025 12:45;100.4
GREEN_VALUE_BZ01_NDR_MS_N;19914;30/09/2025 13:00;101.58
GREEN_VALUE_BZ01_NDR_MS_N;19914;30/09/2025 13:15;102.42
GREEN_VALUE_BZ01_NDR_MS_N;19914;30/09/2025 13:30;102.16
GREEN_VALUE_BZ01_NDR_MS_N;19914;30/09/2025 13:45;100.82
GREEN_VALUE_BZ01_NDR_MS_N;19914;30/09/2025 14:00;101.06
GREEN_VALUE_BZ01_NDR_MS_N;19914;30/09/2025 14:15;101.08
GREEN_VALUE_BZ01_NDR_MS_N;19914;30/09/2025 14:30;98.46
GREEN_VALUE_BZ01_NDR_MS_N;19914;30/09/2025 14:45;95.98
GREEN_VALUE_BZ01_NDR_MS_N;19914;30/09/2025 15:00;92.54
GREEN_VALUE_BZ01_NDR_MS_N;19914;30/09/2025 15:15;89.44
GREEN_VALUE_BZ01_NDR_MS_N;19914;30/09/2025 15:30;80.82
GREEN_VALUE_BZ01_NDR_MS_N;19914;30/09/2025 15:45;75.32
GREEN_VALUE_BZ01_NDR_MS_N;19914;30/09/2025 16:00;76.46
GREEN_VALUE_BZ01_NDR_MS_N;19914;30/09/2025 16:15;71.58
GREEN_VALUE_BZ01_NDR_MS_N;19914;30/09/2025 16:30;60.02
GREEN_VALUE_BZ01_NDR_MS_N;19914;30/09/2025 16:45;59.84
GREEN_VALUE_BZ01_NDR_MS_N;19914;30/09/2025 17:00;28.96
GREEN_VALUE_BZ01_NDR_MS_N;19914;30/09/2025 17:15;43.48
GREEN_VALUE_BZ01_NDR_MS_N;19914;30/09/2025 17:30;35.02
GREEN_VALUE_BZ01_NDR_MS_N;19914;30/09/2025 17:45;18.82
GREEN_VALUE_BZ01_NDR_MS_N;19914;30/09/2025 18:00;17.58
GREEN_VALUE_BZ01_NDR_MS_N;19914;30/09/2025 18:15;8.74
GREEN_VALUE_BZ01_NDR_MS_N;19914;30/09/2025 18:30;5.84
GREEN_VALUE_BZ01_NDR_MS_N;19914;30/09/2025 18:45;2.3
GREEN_VALUE_BZ01_NDR_MS_N;19914;30/09/2025 19:00;1.02
GREEN_VALUE_BZ01_NDR_MS_N;19914;30/09/2025 19:15;.3
GREEN_VALUE_BZ01_NDR_MS_N;19914;30/09/2025 19:30;0
GREEN_VALUE_BZ01_NDR_MS_N;19914;30/09/2025 19:45;0
GREEN_VALUE_BZ01_NDR_MS_N;19914;30/09/2025 20:00;0
GREEN_VALUE_BZ01_NDR_MS_N;19914;30/09/2025 20:15;0
GREEN_VALUE_BZ01_NDR_MS_N;19914;30/09/2025 20:30;0
GREEN_VALUE_BZ01_NDR_MS_N;19914;30/09/2025 20:45;0
GREEN_VALUE_BZ01_NDR_MS_N;19914;30/09/2025 21:00;0
GREEN_VALUE_BZ01_NDR_MS_N;19914;30/09/2025 21:15;0
GREEN_VALUE_BZ01_NDR_MS_N;19914;30/09/2025 21:30;0
GREEN_VALUE_BZ01_NDR_MS_N;19914;30/09/2025 21:45;0
GREEN_VALUE_BZ01_NDR_MS_N;19914;30/09/2025 22:00;0
GREEN_VALUE_BZ01_NDR_MS_N;19914;30/09/2025 22:15;0
GREEN_VALUE_BZ01_NDR_MS_N;19914;30/09/2025 22:30;0
GREEN_VALUE_BZ01_NDR_MS_N;19914;30/09/2025 22:45;0
GREEN_VALUE_BZ01_NDR_MS_N;19914;30/09/2025 23:00;0
GREEN_VALUE_BZ01_NDR_MS_N;19914;30/09/2025 23:15;0
GREEN_VALUE_BZ01_NDR_MS_N;19914;30/09/2025 23:30;0
GREEN_VALUE_BZ01_NDR_MS_N;19914;30/09/2025 23:45;0
GREEN_VALUE_BZ01_NDR_MS_N;19914;30/09/2025 24:00;0
GREEN_VALUE_BZ01_NDR_MS_N;19914;01/10/2025 00:15;0
GREEN_VALUE_BZ01_NDR_MS_N;19914;01/10/2025 00:30;0
GREEN_VALUE_BZ01_NDR_MS_N;19914;01/10/2025 00:45;0
GREEN_VALUE_BZ01_NDR_MS_N;19914;01/10/2025 01:00;0
GREEN_VALUE_BZ01_NDR_MS_N;22769;30/09/2025 01:15;0
GREEN_VALUE_BZ01_NDR_MS_N;22769;30/09/2025 01:30;0
GREEN_VALUE_BZ01_NDR_MS_N;22769;30/09/2025 01:45;0
GREEN_VALUE_BZ01_NDR_MS_N;22769;30/09/2025 02:00;0
GREEN_VALUE_BZ01_NDR_MS_N;22769;30/09/2025 02:15;0
GREEN_VALUE_BZ01_NDR_MS_N;22769;30/09/2025 02:30;0
GREEN_VALUE_BZ01_NDR_MS_N;22769;30/09/2025 02:45;0
GREEN_VALUE_BZ01_NDR_MS_N;22769;30/09/2025 03:00;0
GREEN_VALUE_BZ01_NDR_MS_N;22769;30/09/2025 03:15;0
GREEN_VALUE_BZ01_NDR_MS_N;22769;30/09/2025 03:30;0
GREEN_VALUE_BZ01_NDR_MS_N;22769;30/09/2025 03:45;0
GREEN_VALUE_BZ01_NDR_MS_N;22769;30/09/2025 04:00;0
GREEN_VALUE_BZ01_NDR_MS_N;22769;30/09/2025 04:15;0
GREEN_VALUE_BZ01_NDR_MS_N;22769;30/09/2025 04:30;0
GREEN_VALUE_BZ01_NDR_MS_N;22769;30/09/2025 04:45;0
GREEN_VALUE_BZ01_NDR_MS_N;22769;30/09/2025 05:00;0
GREEN_VALUE_BZ01_NDR_MS_N;22769;30/09/2025 05:15;0
GREEN_VALUE_BZ01_NDR_MS_N;22769;30/09/2025 05:30;0
GREEN_VALUE_BZ01_NDR_MS_N;22769;30/09/2025 05:45;0
GREEN_VALUE_BZ01_NDR_MS_N;22769;30/09/2025 06:00;0
GREEN_VALUE_BZ01_NDR_MS_N;22769;30/09/2025 06:15;0
GREEN_VALUE_BZ01_NDR_MS_N;22769;30/09/2025 06:30;0
GREEN_VALUE_BZ01_NDR_MS_N;22769;30/09/2025 06:45;0
GREEN_VALUE_BZ01_NDR_MS_N;22769;30/09/2025 07:00;0
GREEN_VALUE_BZ01_NDR_MS_N;22769;30/09/2025 07:15;0
GREEN_VALUE_BZ01_NDR_MS_N;22769;30/09/2025 07:30;.02
GREEN_VALUE_BZ01_NDR_MS_N;22769;30/09/2025 07:45;.96
GREEN_VALUE_BZ01_NDR_MS_N;22769;30/09/2025 08:00;2.42
GREEN_VALUE_BZ01_NDR_MS_N;22769;30/09/2025 08:15;5.86
GREEN_VALUE_BZ01_NDR_MS_N;22769;30/09/2025 08:30;9.66
GREEN_VALUE_BZ01_NDR_MS_N;22769;30/09/2025 08:45;13.24
GREEN_VALUE_BZ01_NDR_MS_N;22769;30/09/2025 09:00;28.52
GREEN_VALUE_BZ01_NDR_MS_N;22769;30/09/2025 09:15;23.92
GREEN_VALUE_BZ01_NDR_MS_N;22769;30/09/2025 09:30;18.74
GREEN_VALUE_BZ01_NDR_MS_N;22769;30/09/2025 09:45;15.92
GREEN_VALUE_BZ01_NDR_MS_N;22769;30/09/2025 10:00;38.24
GREEN_VALUE_BZ01_NDR_MS_N;22769;30/09/2025 10:15;47.38
GREEN_VALUE_BZ01_NDR_MS_N;22769;30/09/2025 10:30;65.3
GREEN_VALUE_BZ01_NDR_MS_N;22769;30/09/2025 10:45;32.64
GREEN_VALUE_BZ01_NDR_MS_N;22769;30/09/2025 11:00;44.22
GREEN_VALUE_BZ01_NDR_MS_N;22769;30/09/2025 11:15;70.8
GREEN_VALUE_BZ01_NDR_MS_N;22769;30/09/2025 11:30;70.72
GREEN_VALUE_BZ01_NDR_MS_N;22769;30/09/2025 11:45;70.36
GREEN_VALUE_BZ01_NDR_MS_N;22769;30/09/2025 12:00;65.5
GREEN_VALUE_BZ01_NDR_MS_N;22769;30/09/2025 12:15;51.16
GREEN_VALUE_BZ01_NDR_MS_N;22769;30/09/2025 12:30;71.74
GREEN_VALUE_BZ01_NDR_MS_N;22769;30/09/2025 12:45;56.8
GREEN_VALUE_BZ01_NDR_MS_N;22769;30/09/2025 13:00;47.78
GREEN_VALUE_BZ01_NDR_MS_N;22769;30/09/2025 13:15;41.54
GREEN_VALUE_BZ01_NDR_MS_N;22769;30/09/2025 13:30;25.78
GREEN_VALUE_BZ01_NDR_MS_N;22769;30/09/2025 13:45;17.6
GREEN_VALUE_BZ01_NDR_MS_N;22769;30/09/2025 14:00;15.42
GREEN_VALUE_BZ01_NDR_MS_N;22769;30/09/2025 14:15;6.56
GREEN_VALUE_BZ01_NDR_MS_N;22769;30/09/2025 14:30;6.52
GREEN_VALUE_BZ01_NDR_MS_N;22769;30/09/2025 14:45;33.96
GREEN_VALUE_BZ01_NDR_MS_N;22769;30/09/2025 15:00;58.24
GREEN_VALUE_BZ01_NDR_MS_N;22769;30/09/2025 15:15;74.6
GREEN_VALUE_BZ01_NDR_MS_N;22769;30/09/2025 15:30;67.52
GREEN_VALUE_BZ01_NDR_MS_N;22769;30/09/2025 15:45;40.98
GREEN_VALUE_BZ01_NDR_MS_N;22769;30/09/2025 16:00;54.12
GREEN_VALUE_BZ01_NDR_MS_N;22769;30/09/2025 16:15;48.82
GREEN_VALUE_BZ01_NDR_MS_N;22769;30/09/2025 16:30;17.32
GREEN_VALUE_BZ01_NDR_MS_N;22769;30/09/2025 16:45;40.58
GREEN_VALUE_BZ01_NDR_MS_N;22769;30/09/2025 17:00;26.78
GREEN_VALUE_BZ01_NDR_MS_N;22769;30/09/2025 17:15;21.2
GREEN_VALUE_BZ01_NDR_MS_N;22769;30/09/2025 17:30;20.96
GREEN_VALUE_BZ01_NDR_MS_N;22769;30/09/2025 17:45;16.18
GREEN_VALUE_BZ01_NDR_MS_N;22769;30/09/2025 18:00;13.34
GREEN_VALUE_BZ01_NDR_MS_N;22769;30/09/2025 18:15;7.92
GREEN_VALUE_BZ01_NDR_MS_N;22769;30/09/2025 18:30;3.22
GREEN_VALUE_BZ01_NDR_MS_N;22769;30/09/2025 18:45;2.04
GREEN_VALUE_BZ01_NDR_MS_N;22769;30/09/2025 19:00;.7
GREEN_VALUE_BZ01_NDR_MS_N;22769;30/09/2025 19:15;.02
GREEN_VALUE_BZ01_NDR_MS_N;22769;30/09/2025 19:30;0
GREEN_VALUE_BZ01_NDR_MS_N;22769;30/09/2025 19:45;0
GREEN_VALUE_BZ01_NDR_MS_N;22769;30/09/2025 20:00;0
GREEN_VALUE_BZ01_NDR_MS_N;22769;30/09/2025 20:15;0
GREEN_VALUE_BZ01_NDR_MS_N;22769;30/09/2025 20:30;0
GREEN_VALUE_BZ01_NDR_MS_N;22769;30/09/2025 20:45;0
GREEN_VALUE_BZ01_NDR_MS_N;22769;30/09/2025 21:00;0
GREEN_VALUE_BZ01_NDR_MS_N;22769;30/09/2025 21:15;0
GREEN_VALUE_BZ01_NDR_MS_N;22769;30/09/2025 21:30;0
GREEN_VALUE_BZ01_NDR_MS_N;22769;30/09/2025 21:45;0
GREEN_VALUE_BZ01_NDR_MS_N;22769;30/09/2025 22:00;0
GREEN_VALUE_BZ01_NDR_MS_N;22769;30/09/2025 22:15;0
GREEN_VALUE_BZ01_NDR_MS_N;22769;30/09/2025 22:30;0
GREEN_VALUE_BZ01_NDR_MS_N;22769;30/09/2025 22:45;0
GREEN_VALUE_BZ01_NDR_MS_N;22769;30/09/2025 23:00;0
GREEN_VALUE_BZ01_NDR_MS_N;22769;30/09/2025 23:15;0
GREEN_VALUE_BZ01_NDR_MS_N;22769;30/09/2025 23:30;0
GREEN_VALUE_BZ01_NDR_MS_N;22769;30/09/2025 23:45;0
GREEN_VALUE_BZ01_NDR_MS_N;22769;30/09/2025 24:00;0
GREEN_VALUE_BZ01_NDR_MS_N;22769;01/10/2025 00:15;0
GREEN_VALUE_BZ01_NDR_MS_N;22769;01/10/2025 00:30;0
GREEN_VALUE_BZ01_NDR_MS_N;22769;01/10/2025 00:45;0
GREEN_VALUE_BZ01_NDR_MS_N;22769;01/10/2025 01:00;0
GREEN_VALUE_BZ01_NDR_MS_N;23199;30/09/2025 01:15;0
GREEN_VALUE_BZ01_NDR_MS_N;23199;30/09/2025 01:30;0
GREEN_VALUE_BZ01_NDR_MS_N;23199;30/09/2025 01:45;0
GREEN_VALUE_BZ01_NDR_MS_N;23199;30/09/2025 02:00;0
GREEN_VALUE_BZ01_NDR_MS_N;23199;30/09/2025 02:15;0
GREEN_VALUE_BZ01_NDR_MS_N;23199;30/09/2025 02:30;0
GREEN_VALUE_BZ01_NDR_MS_N;23199;30/09/2025 02:45;0
GREEN_VALUE_BZ01_NDR_MS_N;23199;30/09/2025 03:00;0
GREEN_VALUE_BZ01_NDR_MS_N;23199;30/09/2025 03:15;0
GREEN_VALUE_BZ01_NDR_MS_N;23199;30/09/2025 03:30;0
GREEN_VALUE_BZ01_NDR_MS_N;23199;30/09/2025 03:45;0
GREEN_VALUE_BZ01_NDR_MS_N;23199;30/09/2025 04:00;0
GREEN_VALUE_BZ01_NDR_MS_N;23199;30/09/2025 04:15;0
GREEN_VALUE_BZ01_NDR_MS_N;23199;30/09/2025 04:30;0
GREEN_VALUE_BZ01_NDR_MS_N;23199;30/09/2025 04:45;0
GREEN_VALUE_BZ01_NDR_MS_N;23199;30/09/2025 05:00;0
GREEN_VALUE_BZ01_NDR_MS_N;23199;30/09/2025 05:15;0
GREEN_VALUE_BZ01_NDR_MS_N;23199;30/09/2025 05:30;0
GREEN_VALUE_BZ01_NDR_MS_N;23199;30/09/2025 05:45;0
GREEN_VALUE_BZ01_NDR_MS_N;23199;30/09/2025 06:00;0
GREEN_VALUE_BZ01_NDR_MS_N;23199;30/09/2025 06:15;0
GREEN_VALUE_BZ01_NDR_MS_N;23199;30/09/2025 06:30;0
GREEN_VALUE_BZ01_NDR_MS_N;23199;30/09/2025 06:45;0
GREEN_VALUE_BZ01_NDR_MS_N;23199;30/09/2025 07:00;0
GREEN_VALUE_BZ01_NDR_MS_N;23199;30/09/2025 07:15;0
GREEN_VALUE_BZ01_NDR_MS_N;23199;30/09/2025 07:30;.02
GREEN_VALUE_BZ01_NDR_MS_N;23199;30/09/2025 07:45;1.44
GREEN_VALUE_BZ01_NDR_MS_N;23199;30/09/2025 08:00;5.78
GREEN_VALUE_BZ01_NDR_MS_N;23199;30/09/2025 08:15;6.98
GREEN_VALUE_BZ01_NDR_MS_N;23199;30/09/2025 08:30;9.7
GREEN_VALUE_BZ01_NDR_MS_N;23199;30/09/2025 08:45;28.52
GREEN_VALUE_BZ01_NDR_MS_N;23199;30/09/2025 09:00;44.72
GREEN_VALUE_BZ01_NDR_MS_N;23199;30/09/2025 09:15;37.2
GREEN_VALUE_BZ01_NDR_MS_N;23199;30/09/2025 09:30;23.92
GREEN_VALUE_BZ01_NDR_MS_N;23199;30/09/2025 09:45;23.76
GREEN_VALUE_BZ01_NDR_MS_N;23199;30/09/2025 10:00;30
GREEN_VALUE_BZ01_NDR_MS_N;23199;30/09/2025 10:15;83.28
GREEN_VALUE_BZ01_NDR_MS_N;23199;30/09/2025 10:30;85.78
GREEN_VALUE_BZ01_NDR_MS_N;23199;30/09/2025 10:45;68.7
GREEN_VALUE_BZ01_NDR_MS_N;23199;30/09/2025 11:00;10.44
GREEN_VALUE_BZ01_NDR_MS_N;23199;30/09/2025 11:15;18.2
GREEN_VALUE_BZ01_NDR_MS_N;23199;30/09/2025 11:30;31.2
GREEN_VALUE_BZ01_NDR_MS_N;23199;30/09/2025 11:45;26.54
GREEN_VALUE_BZ01_NDR_MS_N;23199;30/09/2025 12:00;28.68
GREEN_VALUE_BZ01_NDR_MS_N;23199;30/09/2025 12:15;41.54
GREEN_VALUE_BZ01_NDR_MS_N;23199;30/09/2025 12:30;21.68
GREEN_VALUE_BZ01_NDR_MS_N;23199;30/09/2025 12:45;47.88
GREEN_VALUE_BZ01_NDR_MS_N;23199;30/09/2025 13:00;26.32
GREEN_VALUE_BZ01_NDR_MS_N;23199;30/09/2025 13:15;27.64
GREEN_VALUE_BZ01_NDR_MS_N;23199;30/09/2025 13:30;104.06
GREEN_VALUE_BZ01_NDR_MS_N;23199;30/09/2025 13:45;75.58
GREEN_VALUE_BZ01_NDR_MS_N;23199;30/09/2025 14:00;63.04
GREEN_VALUE_BZ01_NDR_MS_N;23199;30/09/2025 14:15;84.96
GREEN_VALUE_BZ01_NDR_MS_N;23199;30/09/2025 14:30;94.46
GREEN_VALUE_BZ01_NDR_MS_N;23199;30/09/2025 14:45;44.82
GREEN_VALUE_BZ01_NDR_MS_N;23199;30/09/2025 15:00;27.34
GREEN_VALUE_BZ01_NDR_MS_N;23199;30/09/2025 15:15;24.76
GREEN_VALUE_BZ01_NDR_MS_N;23199;30/09/2025 15:30;18.92
GREEN_VALUE_BZ01_NDR_MS_N;23199;30/09/2025 15:45;22.04
GREEN_VALUE_BZ01_NDR_MS_N;23199;30/09/2025 16:00;40.3
GREEN_VALUE_BZ01_NDR_MS_N;23199;30/09/2025 16:15;69.08
GREEN_VALUE_BZ01_NDR_MS_N;23199;30/09/2025 16:30;64.18
GREEN_VALUE_BZ01_NDR_MS_N;23199;30/09/2025 16:45;39.58
GREEN_VALUE_BZ01_NDR_MS_N;23199;30/09/2025 17:00;58.68
GREEN_VALUE_BZ01_NDR_MS_N;23199;30/09/2025 17:15;43.4
GREEN_VALUE_BZ01_NDR_MS_N;23199;30/09/2025 17:30;34.68
GREEN_VALUE_BZ01_NDR_MS_N;23199;30/09/2025 17:45;25.94
GREEN_VALUE_BZ01_NDR_MS_N;23199;30/09/2025 18:00;14.72
GREEN_VALUE_BZ01_NDR_MS_N;23199;30/09/2025 18:15;9.82
GREEN_VALUE_BZ01_NDR_MS_N;23199;30/09/2025 18:30;5.32
GREEN_VALUE_BZ01_NDR_MS_N;23199;30/09/2025 18:45;3.82
GREEN_VALUE_BZ01_NDR_MS_N;23199;30/09/2025 19:00;2.66
GREEN_VALUE_BZ01_NDR_MS_N;23199;30/09/2025 19:15;.84
GREEN_VALUE_BZ01_NDR_MS_N;23199;30/09/2025 19:30;.04
GREEN_VALUE_BZ01_NDR_MS_N;23199;30/09/2025 19:45;0
GREEN_VALUE_BZ01_NDR_MS_N;23199;30/09/2025 20:00;0
GREEN_VALUE_BZ01_NDR_MS_N;23199;30/09/2025 20:15;0
GREEN_VALUE_BZ01_NDR_MS_N;23199;30/09/2025 20:30;0
GREEN_VALUE_BZ01_NDR_MS_N;23199;30/09/2025 20:45;0
GREEN_VALUE_BZ01_NDR_MS_N;23199;30/09/2025 21:00;0
GREEN_VALUE_BZ01_NDR_MS_N;23199;30/09/2025 21:15;0
GREEN_VALUE_BZ01_NDR_MS_N;23199;30/09/2025 21:30;0
GREEN_VALUE_BZ01_NDR_MS_N;23199;30/09/2025 21:45;0
GREEN_VALUE_BZ01_NDR_MS_N;23199;30/09/2025 22:00;0
GREEN_VALUE_BZ01_NDR_MS_N;23199;30/09/2025 22:15;0
GREEN_VALUE_BZ01_NDR_MS_N;23199;30/09/2025 22:30;0
GREEN_VALUE_BZ01_NDR_MS_N;23199;30/09/2025 22:45;0
GREEN_VALUE_BZ01_NDR_MS_N;23199;30/09/2025 23:00;0
GREEN_VALUE_BZ01_NDR_MS_N;23199;30/09/2025 23:15;0
GREEN_VALUE_BZ01_NDR_MS_N;23199;30/09/2025 23:30;0
GREEN_VALUE_BZ01_NDR_MS_N;23199;30/09/2025 23:45;0
GREEN_VALUE_BZ01_NDR_MS_N;23199;30/09/2025 24:00;0
GREEN_VALUE_BZ01_NDR_MS_N;23199;01/10/2025 00:15;0
GREEN_VALUE_BZ01_NDR_MS_N;23199;01/10/2025 00:30;0
GREEN_VALUE_BZ01_NDR_MS_N;23199;01/10/2025 00:45;0
GREEN_VALUE_BZ01_NDR_MS_N;23199;01/10/2025 01:00;0
GREEN_VALUE_BZ01_NDR_MS_N;23200;30/09/2025 01:15;0
GREEN_VALUE_BZ01_NDR_MS_N;23200;30/09/2025 01:30;0
GREEN_VALUE_BZ01_NDR_MS_N;23200;30/09/2025 01:45;0
GREEN_VALUE_BZ01_NDR_MS_N;23200;30/09/2025 02:00;0
GREEN_VALUE_BZ01_NDR_MS_N;23200;30/09/2025 02:15;0
GREEN_VALUE_BZ01_NDR_MS_N;23200;30/09/2025 02:30;0
GREEN_VALUE_BZ01_NDR_MS_N;23200;30/09/2025 02:45;0
GREEN_VALUE_BZ01_NDR_MS_N;23200;30/09/2025 03:00;0
GREEN_VALUE_BZ01_NDR_MS_N;23200;30/09/2025 03:15;0
GREEN_VALUE_BZ01_NDR_MS_N;23200;30/09/2025 03:30;0
GREEN_VALUE_BZ01_NDR_MS_N;23200;30/09/2025 03:45;0
GREEN_VALUE_BZ01_NDR_MS_N;23200;30/09/2025 04:00;0
GREEN_VALUE_BZ01_NDR_MS_N;23200;30/09/2025 04:15;0
GREEN_VALUE_BZ01_NDR_MS_N;23200;30/09/2025 04:30;0
GREEN_VALUE_BZ01_NDR_MS_N;23200;30/09/2025 04:45;0
GREEN_VALUE_BZ01_NDR_MS_N;23200;30/09/2025 05:00;0
GREEN_VALUE_BZ01_NDR_MS_N;23200;30/09/2025 05:15;0
GREEN_VALUE_BZ01_NDR_MS_N;23200;30/09/2025 05:30;0
GREEN_VALUE_BZ01_NDR_MS_N;23200;30/09/2025 05:45;0
GREEN_VALUE_BZ01_NDR_MS_N;23200;30/09/2025 06:00;0
GREEN_VALUE_BZ01_NDR_MS_N;23200;30/09/2025 06:15;0
GREEN_VALUE_BZ01_NDR_MS_N;23200;30/09/2025 06:30;0
GREEN_VALUE_BZ01_NDR_MS_N;23200;30/09/2025 06:45;0
GREEN_VALUE_BZ01_NDR_MS_N;23200;30/09/2025 07:00;0
GREEN_VALUE_BZ01_NDR_MS_N;23200;30/09/2025 07:15;0
GREEN_VALUE_BZ01_NDR_MS_N;23200;30/09/2025 07:30;0
GREEN_VALUE_BZ01_NDR_MS_N;23200;30/09/2025 07:45;.63
GREEN_VALUE_BZ01_NDR_MS_N;23200;30/09/2025 08:00;2.94
GREEN_VALUE_BZ01_NDR_MS_N;23200;30/09/2025 08:15;5.76
GREEN_VALUE_BZ01_NDR_MS_N;23200;30/09/2025 08:30;5.46
GREEN_VALUE_BZ01_NDR_MS_N;23200;30/09/2025 08:45;9.6
GREEN_VALUE_BZ01_NDR_MS_N;23200;30/09/2025 09:00;15.18
GREEN_VALUE_BZ01_NDR_MS_N;23200;30/09/2025 09:15;13.68
GREEN_VALUE_BZ01_NDR_MS_N;23200;30/09/2025 09:30;4.11
GREEN_VALUE_BZ01_NDR_MS_N;23200;30/09/2025 09:45;21.66
GREEN_VALUE_BZ01_NDR_MS_N;23200;30/09/2025 10:00;54.75
GREEN_VALUE_BZ01_NDR_MS_N;23200;30/09/2025 10:15;47.55
GREEN_VALUE_BZ01_NDR_MS_N;23200;30/09/2025 10:30;56.07
GREEN_VALUE_BZ01_NDR_MS_N;23200;30/09/2025 10:45;167.43
GREEN_VALUE_BZ01_NDR_MS_N;23200;30/09/2025 11:00;182.67
GREEN_VALUE_BZ01_NDR_MS_N;23200;30/09/2025 11:15;176.76
GREEN_VALUE_BZ01_NDR_MS_N;23200;30/09/2025 11:30;184.2
GREEN_VALUE_BZ01_NDR_MS_N;23200;30/09/2025 11:45;160.92
GREEN_VALUE_BZ01_NDR_MS_N;23200;30/09/2025 12:00;167.19
GREEN_VALUE_BZ01_NDR_MS_N;23200;30/09/2025 12:15;111.75
GREEN_VALUE_BZ01_NDR_MS_N;23200;30/09/2025 12:30;66.54
GREEN_VALUE_BZ01_NDR_MS_N;23200;30/09/2025 12:45;109.44
GREEN_VALUE_BZ01_NDR_MS_N;23200;30/09/2025 13:00;194.94
GREEN_VALUE_BZ01_NDR_MS_N;23200;30/09/2025 13:15;210.54
GREEN_VALUE_BZ01_NDR_MS_N;23200;30/09/2025 13:30;140.22
GREEN_VALUE_BZ01_NDR_MS_N;23200;30/09/2025 13:45;177.81
GREEN_VALUE_BZ01_NDR_MS_N;23200;30/09/2025 14:00;131.91
GREEN_VALUE_BZ01_NDR_MS_N;23200;30/09/2025 14:15;191.37
GREEN_VALUE_BZ01_NDR_MS_N;23200;30/09/2025 14:30;197.43
GREEN_VALUE_BZ01_NDR_MS_N;23200;30/09/2025 14:45;121.05
GREEN_VALUE_BZ01_NDR_MS_N;23200;30/09/2025 15:00;74.31
GREEN_VALUE_BZ01_NDR_MS_N;23200;30/09/2025 15:15;152.52
GREEN_VALUE_BZ01_NDR_MS_N;23200;30/09/2025 15:30;142.38
GREEN_VALUE_BZ01_NDR_MS_N;23200;30/09/2025 15:45;175.74
GREEN_VALUE_BZ01_NDR_MS_N;23200;30/09/2025 16:00;175.74
GREEN_VALUE_BZ01_NDR_MS_N;23200;30/09/2025 16:15;155.34
GREEN_VALUE_BZ01_NDR_MS_N;23200;30/09/2025 16:30;39.42
GREEN_VALUE_BZ01_NDR_MS_N;23200;30/09/2025 16:45;64.5
GREEN_VALUE_BZ01_NDR_MS_N;23200;30/09/2025 17:00;189.24
GREEN_VALUE_BZ01_NDR_MS_N;23200;30/09/2025 17:15;168.24
GREEN_VALUE_BZ01_NDR_MS_N;23200;30/09/2025 17:30;136.26
GREEN_VALUE_BZ01_NDR_MS_N;23200;30/09/2025 17:45;95.85
GREEN_VALUE_BZ01_NDR_MS_N;23200;30/09/2025 18:00;86.37
GREEN_VALUE_BZ01_NDR_MS_N;23200;30/09/2025 18:15;75
GREEN_VALUE_BZ01_NDR_MS_N;23200;30/09/2025 18:30;49.5
GREEN_VALUE_BZ01_NDR_MS_N;23200;30/09/2025 18:45;16.83
GREEN_VALUE_BZ01_NDR_MS_N;23200;30/09/2025 19:00;9.54
GREEN_VALUE_BZ01_NDR_MS_N;23200;30/09/2025 19:15;2.55
GREEN_VALUE_BZ01_NDR_MS_N;23200;30/09/2025 19:30;.12
GREEN_VALUE_BZ01_NDR_MS_N;23200;30/09/2025 19:45;0
GREEN_VALUE_BZ01_NDR_MS_N;23200;30/09/2025 20:00;0
GREEN_VALUE_BZ01_NDR_MS_N;23200;30/09/2025 20:15;0
GREEN_VALUE_BZ01_NDR_MS_N;23200;30/09/2025 20:30;0
GREEN_VALUE_BZ01_NDR_MS_N;23200;30/09/2025 20:45;0
GREEN_VALUE_BZ01_NDR_MS_N;23200;30/09/2025 21:00;0
GREEN_VALUE_BZ01_NDR_MS_N;23200;30/09/2025 21:15;0
GREEN_VALUE_BZ01_NDR_MS_N;23200;30/09/2025 21:30;0
GREEN_VALUE_BZ01_NDR_MS_N;23200;30/09/2025 21:45;0
GREEN_VALUE_BZ01_NDR_MS_N;23200;30/09/2025 22:00;0
GREEN_VALUE_BZ01_NDR_MS_N;23200;30/09/2025 22:15;0
GREEN_VALUE_BZ01_NDR_MS_N;23200;30/09/2025 22:30;0
GREEN_VALUE_BZ01_NDR_MS_N;23200;30/09/2025 22:45;0
GREEN_VALUE_BZ01_NDR_MS_N;23200;30/09/2025 23:00;0
GREEN_VALUE_BZ01_NDR_MS_N;23200;30/09/2025 23:15;0
GREEN_VALUE_BZ01_NDR_MS_N;23200;30/09/2025 23:30;0
GREEN_VALUE_BZ01_NDR_MS_N;23200;30/09/2025 23:45;0
GREEN_VALUE_BZ01_NDR_MS_N;23200;30/09/2025 24:00;0
GREEN_VALUE_BZ01_NDR_MS_N;23200;01/10/2025 00:15;0
GREEN_VALUE_BZ01_NDR_MS_N;23200;01/10/2025 00:30;0
GREEN_VALUE_BZ01_NDR_MS_N;23200;01/10/2025 00:45;0
GREEN_VALUE_BZ01_NDR_MS_N;23200;01/10/2025 01:00;0
GREEN_VALUE_BZ01_NDR_MS_N;23643;30/09/2025 01:15;0
GREEN_VALUE_BZ01_NDR_MS_N;23643;30/09/2025 01:30;0
GREEN_VALUE_BZ01_NDR_MS_N;23643;30/09/2025 01:45;0
GREEN_VALUE_BZ01_NDR_MS_N;23643;30/09/2025 02:00;0
GREEN_VALUE_BZ01_NDR_MS_N;23643;30/09/2025 02:15;0
GREEN_VALUE_BZ01_NDR_MS_N;23643;30/09/2025 02:30;0
GREEN_VALUE_BZ01_NDR_MS_N;23643;30/09/2025 02:45;0
GREEN_VALUE_BZ01_NDR_MS_N;23643;30/09/2025 03:00;0
GREEN_VALUE_BZ01_NDR_MS_N;23643;30/09/2025 03:15;0
GREEN_VALUE_BZ01_NDR_MS_N;23643;30/09/2025 03:30;0
GREEN_VALUE_BZ01_NDR_MS_N;23643;30/09/2025 03:45;0
GREEN_VALUE_BZ01_NDR_MS_N;23643;30/09/2025 04:00;0
GREEN_VALUE_BZ01_NDR_MS_N;23643;30/09/2025 04:15;0
GREEN_VALUE_BZ01_NDR_MS_N;23643;30/09/2025 04:30;0
GREEN_VALUE_BZ01_NDR_MS_N;23643;30/09/2025 04:45;0
GREEN_VALUE_BZ01_NDR_MS_N;23643;30/09/2025 05:00;0
GREEN_VALUE_BZ01_NDR_MS_N;23643;30/09/2025 05:15;0
GREEN_VALUE_BZ01_NDR_MS_N;23643;30/09/2025 05:30;0
GREEN_VALUE_BZ01_NDR_MS_N;23643;30/09/2025 05:45;0
GREEN_VALUE_BZ01_NDR_MS_N;23643;30/09/2025 06:00;0
GREEN_VALUE_BZ01_NDR_MS_N;23643;30/09/2025 06:15;0
GREEN_VALUE_BZ01_NDR_MS_N;23643;30/09/2025 06:30;0
GREEN_VALUE_BZ01_NDR_MS_N;23643;30/09/2025 06:45;0
GREEN_VALUE_BZ01_NDR_MS_N;23643;30/09/2025 07:00;0
GREEN_VALUE_BZ01_NDR_MS_N;23643;30/09/2025 07:15;0
GREEN_VALUE_BZ01_NDR_MS_N;23643;30/09/2025 07:30;0
GREEN_VALUE_BZ01_NDR_MS_N;23643;30/09/2025 07:45;.8
GREEN_VALUE_BZ01_NDR_MS_N;23643;30/09/2025 08:00;2.6
GREEN_VALUE_BZ01_NDR_MS_N;23643;30/09/2025 08:15;3.2
GREEN_VALUE_BZ01_NDR_MS_N;23643;30/09/2025 08:30;4.4
GREEN_VALUE_BZ01_NDR_MS_N;23643;30/09/2025 08:45;5.4
GREEN_VALUE_BZ01_NDR_MS_N;23643;30/09/2025 09:00;7.8
GREEN_VALUE_BZ01_NDR_MS_N;23643;30/09/2025 09:15;13.2
GREEN_VALUE_BZ01_NDR_MS_N;23643;30/09/2025 09:30;33.6
GREEN_VALUE_BZ01_NDR_MS_N;23643;30/09/2025 09:45;56
GREEN_VALUE_BZ01_NDR_MS_N;23643;30/09/2025 10:00;51.4
GREEN_VALUE_BZ01_NDR_MS_N;23643;30/09/2025 10:15;57.4
GREEN_VALUE_BZ01_NDR_MS_N;23643;30/09/2025 10:30;69.8
GREEN_VALUE_BZ01_NDR_MS_N;23643;30/09/2025 10:45;73
GREEN_VALUE_BZ01_NDR_MS_N;23643;30/09/2025 11:00;79
GREEN_VALUE_BZ01_NDR_MS_N;23643;30/09/2025 11:15;83.8
GREEN_VALUE_BZ01_NDR_MS_N;23643;30/09/2025 11:30;92.6
GREEN_VALUE_BZ01_NDR_MS_N;23643;30/09/2025 11:45;94
GREEN_VALUE_BZ01_NDR_MS_N;23643;30/09/2025 12:00;99.2
GREEN_VALUE_BZ01_NDR_MS_N;23643;30/09/2025 12:15;105
GREEN_VALUE_BZ01_NDR_MS_N;23643;30/09/2025 12:30;94.8
GREEN_VALUE_BZ01_NDR_MS_N;23643;30/09/2025 12:45;88.4
GREEN_VALUE_BZ01_NDR_MS_N;23643;30/09/2025 13:00;112.4
GREEN_VALUE_BZ01_NDR_MS_N;23643;30/09/2025 13:15;73.8
GREEN_VALUE_BZ01_NDR_MS_N;23643;30/09/2025 13:30;43.2
GREEN_VALUE_BZ01_NDR_MS_N;23643;30/09/2025 13:45;76.6
GREEN_VALUE_BZ01_NDR_MS_N;23643;30/09/2025 14:00;100.4
GREEN_VALUE_BZ01_NDR_MS_N;23643;30/09/2025 14:15;102.2
GREEN_VALUE_BZ01_NDR_MS_N;23643;30/09/2025 14:30;96.6
GREEN_VALUE_BZ01_NDR_MS_N;23643;30/09/2025 14:45;94.6
GREEN_VALUE_BZ01_NDR_MS_N;23643;30/09/2025 15:00;92.8
GREEN_VALUE_BZ01_NDR_MS_N;23643;30/09/2025 15:15;91
GREEN_VALUE_BZ01_NDR_MS_N;23643;30/09/2025 15:30;89
GREEN_VALUE_BZ01_NDR_MS_N;23643;30/09/2025 15:45;85.8
GREEN_VALUE_BZ01_NDR_MS_N;23643;30/09/2025 16:00;80.4
GREEN_VALUE_BZ01_NDR_MS_N;23643;30/09/2025 16:15;75.4
GREEN_VALUE_BZ01_NDR_MS_N;23643;30/09/2025 16:30;70.4
GREEN_VALUE_BZ01_NDR_MS_N;23643;30/09/2025 16:45;64.6
GREEN_VALUE_BZ01_NDR_MS_N;23643;30/09/2025 17:00;58.4
GREEN_VALUE_BZ01_NDR_MS_N;23643;30/09/2025 17:15;52
GREEN_VALUE_BZ01_NDR_MS_N;23643;30/09/2025 17:30;45.4
GREEN_VALUE_BZ01_NDR_MS_N;23643;30/09/2025 17:45;36.6
GREEN_VALUE_BZ01_NDR_MS_N;23643;30/09/2025 18:00;28.6
GREEN_VALUE_BZ01_NDR_MS_N;23643;30/09/2025 18:15;21.4
GREEN_VALUE_BZ01_NDR_MS_N;23643;30/09/2025 18:30;10.4
GREEN_VALUE_BZ01_NDR_MS_N;23643;30/09/2025 18:45;6
GREEN_VALUE_BZ01_NDR_MS_N;23643;30/09/2025 19:00;3
GREEN_VALUE_BZ01_NDR_MS_N;23643;30/09/2025 19:15;.6
GREEN_VALUE_BZ01_NDR_MS_N;23643;30/09/2025 19:30;0
GREEN_VALUE_BZ01_NDR_MS_N;23643;30/09/2025 19:45;0
GREEN_VALUE_BZ01_NDR_MS_N;23643;30/09/2025 20:00;0
GREEN_VALUE_BZ01_NDR_MS_N;23643;30/09/2025 20:15;0
GREEN_VALUE_BZ01_NDR_MS_N;23643;30/09/2025 20:30;0
GREEN_VALUE_BZ01_NDR_MS_N;23643;30/09/2025 20:45;0
GREEN_VALUE_BZ01_NDR_MS_N;23643;30/09/2025 21:00;0
GREEN_VALUE_BZ01_NDR_MS_N;23643;30/09/2025 21:15;0
GREEN_VALUE_BZ01_NDR_MS_N;23643;30/09/2025 21:30;0
GREEN_VALUE_BZ01_NDR_MS_N;23643;30/09/2025 21:45;0
GREEN_VALUE_BZ01_NDR_MS_N;23643;30/09/2025 22:00;0
GREEN_VALUE_BZ01_NDR_MS_N;23643;30/09/2025 22:15;0
GREEN_VALUE_BZ01_NDR_MS_N;23643;30/09/2025 22:30;0
GREEN_VALUE_BZ01_NDR_MS_N;23643;30/09/2025 22:45;0
GREEN_VALUE_BZ01_NDR_MS_N;23643;30/09/2025 23:00;0
GREEN_VALUE_BZ01_NDR_MS_N;23643;30/09/2025 23:15;0
GREEN_VALUE_BZ01_NDR_MS_N;23643;30/09/2025 23:30;0
GREEN_VALUE_BZ01_NDR_MS_N;23643;30/09/2025 23:45;0
GREEN_VALUE_BZ01_NDR_MS_N;23643;30/09/2025 24:00;0
GREEN_VALUE_BZ01_NDR_MS_N;23643;01/10/2025 00:15;0
GREEN_VALUE_BZ01_NDR_MS_N;23643;01/10/2025 00:30;0
GREEN_VALUE_BZ01_NDR_MS_N;23643;01/10/2025 00:45;0
GREEN_VALUE_BZ01_NDR_MS_N;23643;01/10/2025 01:00;0
GREEN_VALUE_BZ01_NDR_MS_N;23644;30/09/2025 01:15;0
GREEN_VALUE_BZ01_NDR_MS_N;23644;30/09/2025 01:30;0
GREEN_VALUE_BZ01_NDR_MS_N;23644;30/09/2025 01:45;0
GREEN_VALUE_BZ01_NDR_MS_N;23644;30/09/2025 02:00;0
GREEN_VALUE_BZ01_NDR_MS_N;23644;30/09/2025 02:15;0
GREEN_VALUE_BZ01_NDR_MS_N;23644;30/09/2025 02:30;0
GREEN_VALUE_BZ01_NDR_MS_N;23644;30/09/2025 02:45;0
GREEN_VALUE_BZ01_NDR_MS_N;23644;30/09/2025 03:00;0
GREEN_VALUE_BZ01_NDR_MS_N;23644;30/09/2025 03:15;0
GREEN_VALUE_BZ01_NDR_MS_N;23644;30/09/2025 03:30;0
GREEN_VALUE_BZ01_NDR_MS_N;23644;30/09/2025 03:45;0
GREEN_VALUE_BZ01_NDR_MS_N;23644;30/09/2025 04:00;0
GREEN_VALUE_BZ01_NDR_MS_N;23644;30/09/2025 04:15;0
GREEN_VALUE_BZ01_NDR_MS_N;23644;30/09/2025 04:30;0
GREEN_VALUE_BZ01_NDR_MS_N;23644;30/09/2025 04:45;0
GREEN_VALUE_BZ01_NDR_MS_N;23644;30/09/2025 05:00;0
GREEN_VALUE_BZ01_NDR_MS_N;23644;30/09/2025 05:15;0
GREEN_VALUE_BZ01_NDR_MS_N;23644;30/09/2025 05:30;0
GREEN_VALUE_BZ01_NDR_MS_N;23644;30/09/2025 05:45;0
GREEN_VALUE_BZ01_NDR_MS_N;23644;30/09/2025 06:00;0
GREEN_VALUE_BZ01_NDR_MS_N;23644;30/09/2025 06:15;0
GREEN_VALUE_BZ01_NDR_MS_N;23644;30/09/2025 06:30;0
GREEN_VALUE_BZ01_NDR_MS_N;23644;30/09/2025 06:45;0
GREEN_VALUE_BZ01_NDR_MS_N;23644;30/09/2025 07:00;0
GREEN_VALUE_BZ01_NDR_MS_N;23644;30/09/2025 07:15;0
GREEN_VALUE_BZ01_NDR_MS_N;23644;30/09/2025 07:30;0
GREEN_VALUE_BZ01_NDR_MS_N;23644;30/09/2025 07:45;1
GREEN_VALUE_BZ01_NDR_MS_N;23644;30/09/2025 08:00;2.8
GREEN_VALUE_BZ01_NDR_MS_N;23644;30/09/2025 08:15;3.2
GREEN_VALUE_BZ01_NDR_MS_N;23644;30/09/2025 08:30;4.6
GREEN_VALUE_BZ01_NDR_MS_N;23644;30/09/2025 08:45;5.8
GREEN_VALUE_BZ01_NDR_MS_N;23644;30/09/2025 09:00;10.6
GREEN_VALUE_BZ01_NDR_MS_N;23644;30/09/2025 09:15;16.4
GREEN_VALUE_BZ01_NDR_MS_N;23644;30/09/2025 09:30;30.6
GREEN_VALUE_BZ01_NDR_MS_N;23644;30/09/2025 09:45;50.8
GREEN_VALUE_BZ01_NDR_MS_N;23644;30/09/2025 10:00;65
GREEN_VALUE_BZ01_NDR_MS_N;23644;30/09/2025 10:15;59.8
GREEN_VALUE_BZ01_NDR_MS_N;23644;30/09/2025 10:30;72.8
GREEN_VALUE_BZ01_NDR_MS_N;23644;30/09/2025 10:45;77
GREEN_VALUE_BZ01_NDR_MS_N;23644;30/09/2025 11:00;81.8
GREEN_VALUE_BZ01_NDR_MS_N;23644;30/09/2025 11:15;86.8
GREEN_VALUE_BZ01_NDR_MS_N;23644;30/09/2025 11:30;87.6
GREEN_VALUE_BZ01_NDR_MS_N;23644;30/09/2025 11:45;97.4
GREEN_VALUE_BZ01_NDR_MS_N;23644;30/09/2025 12:00;99.6
GREEN_VALUE_BZ01_NDR_MS_N;23644;30/09/2025 12:15;106.4
GREEN_VALUE_BZ01_NDR_MS_N;23644;30/09/2025 12:30;84
GREEN_VALUE_BZ01_NDR_MS_N;23644;30/09/2025 12:45;80
GREEN_VALUE_BZ01_NDR_MS_N;23644;30/09/2025 13:00;100.6
GREEN_VALUE_BZ01_NDR_MS_N;23644;30/09/2025 13:15;88.2
GREEN_VALUE_BZ01_NDR_MS_N;23644;30/09/2025 13:30;66
GREEN_VALUE_BZ01_NDR_MS_N;23644;30/09/2025 13:45;109.6
GREEN_VALUE_BZ01_NDR_MS_N;23644;30/09/2025 14:00;100.4
GREEN_VALUE_BZ01_NDR_MS_N;23644;30/09/2025 14:15;99
GREEN_VALUE_BZ01_NDR_MS_N;23644;30/09/2025 14:30;94
GREEN_VALUE_BZ01_NDR_MS_N;23644;30/09/2025 14:45;91.8
GREEN_VALUE_BZ01_NDR_MS_N;23644;30/09/2025 15:00;89.6
GREEN_VALUE_BZ01_NDR_MS_N;23644;30/09/2025 15:15;87.2
GREEN_VALUE_BZ01_NDR_MS_N;23644;30/09/2025 15:30;85
GREEN_VALUE_BZ01_NDR_MS_N;23644;30/09/2025 15:45;81
GREEN_VALUE_BZ01_NDR_MS_N;23644;30/09/2025 16:00;75.8
GREEN_VALUE_BZ01_NDR_MS_N;23644;30/09/2025 16:15;70.2
GREEN_VALUE_BZ01_NDR_MS_N;23644;30/09/2025 16:30;64.8
GREEN_VALUE_BZ01_NDR_MS_N;23644;30/09/2025 16:45;58.8
GREEN_VALUE_BZ01_NDR_MS_N;23644;30/09/2025 17:00;52
GREEN_VALUE_BZ01_NDR_MS_N;23644;30/09/2025 17:15;45.6
GREEN_VALUE_BZ01_NDR_MS_N;23644;30/09/2025 17:30;38.6
GREEN_VALUE_BZ01_NDR_MS_N;23644;30/09/2025 17:45;30
GREEN_VALUE_BZ01_NDR_MS_N;23644;30/09/2025 18:00;23
GREEN_VALUE_BZ01_NDR_MS_N;23644;30/09/2025 18:15;16.2
GREEN_VALUE_BZ01_NDR_MS_N;23644;30/09/2025 18:30;7.8
GREEN_VALUE_BZ01_NDR_MS_N;23644;30/09/2025 18:45;5.2
GREEN_VALUE_BZ01_NDR_MS_N;23644;30/09/2025 19:00;2.6
GREEN_VALUE_BZ01_NDR_MS_N;23644;30/09/2025 19:15;.6
GREEN_VALUE_BZ01_NDR_MS_N;23644;30/09/2025 19:30;0
GREEN_VALUE_BZ01_NDR_MS_N;23644;30/09/2025 19:45;0
GREEN_VALUE_BZ01_NDR_MS_N;23644;30/09/2025 20:00;0
GREEN_VALUE_BZ01_NDR_MS_N;23644;30/09/2025 20:15;0
GREEN_VALUE_BZ01_NDR_MS_N;23644;30/09/2025 20:30;0
GREEN_VALUE_BZ01_NDR_MS_N;23644;30/09/2025 20:45;0
GREEN_VALUE_BZ01_NDR_MS_N;23644;30/09/2025 21:00;0
GREEN_VALUE_BZ01_NDR_MS_N;23644;30/09/2025 21:15;0
GREEN_VALUE_BZ01_NDR_MS_N;23644;30/09/2025 21:30;0
GREEN_VALUE_BZ01_NDR_MS_N;23644;30/09/2025 21:45;0
GREEN_VALUE_BZ01_NDR_MS_N;23644;30/09/2025 22:00;0
GREEN_VALUE_BZ01_NDR_MS_N;23644;30/09/2025 22:15;0
GREEN_VALUE_BZ01_NDR_MS_N;23644;30/09/2025 22:30;0
GREEN_VALUE_BZ01_NDR_MS_N;23644;30/09/2025 22:45;0
GREEN_VALUE_BZ01_NDR_MS_N;23644;30/09/2025 23:00;0
GREEN_VALUE_BZ01_NDR_MS_N;23644;30/09/2025 23:15;0
GREEN_VALUE_BZ01_NDR_MS_N;23644;30/09/2025 23:30;0
GREEN_VALUE_BZ01_NDR_MS_N;23644;30/09/2025 23:45;0
GREEN_VALUE_BZ01_NDR_MS_N;23644;30/09/2025 24:00;0
GREEN_VALUE_BZ01_NDR_MS_N;23644;01/10/2025 00:15;0
GREEN_VALUE_BZ01_NDR_MS_N;23644;01/10/2025 00:30;0
GREEN_VALUE_BZ01_NDR_MS_N;23644;01/10/2025 00:45;0
GREEN_VALUE_BZ01_NDR_MS_N;23644;01/10/2025 01:00;0
GREEN_VALUE_BZ01_NDR_MS_N;24611;30/09/2025 01:15;0
GREEN_VALUE_BZ01_NDR_MS_N;24611;30/09/2025 01:30;0
GREEN_VALUE_BZ01_NDR_MS_N;24611;30/09/2025 01:45;0
GREEN_VALUE_BZ01_NDR_MS_N;24611;30/09/2025 02:00;0
GREEN_VALUE_BZ01_NDR_MS_N;24611;30/09/2025 02:15;0
GREEN_VALUE_BZ01_NDR_MS_N;24611;30/09/2025 02:30;0
GREEN_VALUE_BZ01_NDR_MS_N;24611;30/09/2025 02:45;0
GREEN_VALUE_BZ01_NDR_MS_N;24611;30/09/2025 03:00;0
GREEN_VALUE_BZ01_NDR_MS_N;24611;30/09/2025 03:15;0
GREEN_VALUE_BZ01_NDR_MS_N;24611;30/09/2025 03:30;0
GREEN_VALUE_BZ01_NDR_MS_N;24611;30/09/2025 03:45;0
GREEN_VALUE_BZ01_NDR_MS_N;24611;30/09/2025 04:00;0
GREEN_VALUE_BZ01_NDR_MS_N;24611;30/09/2025 04:15;0
GREEN_VALUE_BZ01_NDR_MS_N;24611;30/09/2025 04:30;0
GREEN_VALUE_BZ01_NDR_MS_N;24611;30/09/2025 04:45;0
GREEN_VALUE_BZ01_NDR_MS_N;24611;30/09/2025 05:00;0
GREEN_VALUE_BZ01_NDR_MS_N;24611;30/09/2025 05:15;0
GREEN_VALUE_BZ01_NDR_MS_N;24611;30/09/2025 05:30;0
GREEN_VALUE_BZ01_NDR_MS_N;24611;30/09/2025 05:45;0
GREEN_VALUE_BZ01_NDR_MS_N;24611;30/09/2025 06:00;0
GREEN_VALUE_BZ01_NDR_MS_N;24611;30/09/2025 06:15;0
GREEN_VALUE_BZ01_NDR_MS_N;24611;30/09/2025 06:30;0
GREEN_VALUE_BZ01_NDR_MS_N;24611;30/09/2025 06:45;0
GREEN_VALUE_BZ01_NDR_MS_N;24611;30/09/2025 07:00;0
GREEN_VALUE_BZ01_NDR_MS_N;24611;30/09/2025 07:15;0
GREEN_VALUE_BZ01_NDR_MS_N;24611;30/09/2025 07:30;0
GREEN_VALUE_BZ01_NDR_MS_N;24611;30/09/2025 07:45;0
GREEN_VALUE_BZ01_NDR_MS_N;24611;30/09/2025 08:00;0
GREEN_VALUE_BZ01_NDR_MS_N;24611;30/09/2025 08:15;0
GREEN_VALUE_BZ01_NDR_MS_N;24611;30/09/2025 08:30;0
GREEN_VALUE_BZ01_NDR_MS_N;24611;30/09/2025 08:45;0
GREEN_VALUE_BZ01_NDR_MS_N;24611;30/09/2025 09:00;0
GREEN_VALUE_BZ01_NDR_MS_N;24611;30/09/2025 09:15;0
GREEN_VALUE_BZ01_NDR_MS_N;24611;30/09/2025 09:30;0
GREEN_VALUE_BZ01_NDR_MS_N;24611;30/09/2025 09:45;0
GREEN_VALUE_BZ01_NDR_MS_N;24611;30/09/2025 10:00;0
GREEN_VALUE_BZ01_NDR_MS_N;24611;30/09/2025 10:15;0
GREEN_VALUE_BZ01_NDR_MS_N;24611;30/09/2025 10:30;0
GREEN_VALUE_BZ01_NDR_MS_N;24611;30/09/2025 10:45;0
GREEN_VALUE_BZ01_NDR_MS_N;24611;30/09/2025 11:00;0
GREEN_VALUE_BZ01_NDR_MS_N;24611;30/09/2025 11:15;0
GREEN_VALUE_BZ01_NDR_MS_N;24611;30/09/2025 11:30;0
GREEN_VALUE_BZ01_NDR_MS_N;24611;30/09/2025 11:45;0
GREEN_VALUE_BZ01_NDR_MS_N;24611;30/09/2025 12:00;0
GREEN_VALUE_BZ01_NDR_MS_N;24611;30/09/2025 12:15;0
GREEN_VALUE_BZ01_NDR_MS_N;24611;30/09/2025 12:30;0
GREEN_VALUE_BZ01_NDR_MS_N;24611;30/09/2025 12:45;0
GREEN_VALUE_BZ01_NDR_MS_N;24611;30/09/2025 13:00;0
GREEN_VALUE_BZ01_NDR_MS_N;24611;30/09/2025 13:15;0
GREEN_VALUE_BZ01_NDR_MS_N;24611;30/09/2025 13:30;0
GREEN_VALUE_BZ01_NDR_MS_N;24611;30/09/2025 13:45;0
GREEN_VALUE_BZ01_NDR_MS_N;24611;30/09/2025 14:00;0
GREEN_VALUE_BZ01_NDR_MS_N;24611;30/09/2025 14:15;0
GREEN_VALUE_BZ01_NDR_MS_N;24611;30/09/2025 14:30;0
GREEN_VALUE_BZ01_NDR_MS_N;24611;30/09/2025 14:45;0
GREEN_VALUE_BZ01_NDR_MS_N;24611;30/09/2025 15:00;0
GREEN_VALUE_BZ01_NDR_MS_N;24611;30/09/2025 15:15;0
GREEN_VALUE_BZ01_NDR_MS_N;24611;30/09/2025 15:30;0
GREEN_VALUE_BZ01_NDR_MS_N;24611;30/09/2025 15:45;0
GREEN_VALUE_BZ01_NDR_MS_N;24611;30/09/2025 16:00;0
GREEN_VALUE_BZ01_NDR_MS_N;24611;30/09/2025 16:15;0
GREEN_VALUE_BZ01_NDR_MS_N;24611;30/09/2025 16:30;0
GREEN_VALUE_BZ01_NDR_MS_N;24611;30/09/2025 16:45;0
GREEN_VALUE_BZ01_NDR_MS_N;24611;30/09/2025 17:00;0
GREEN_VALUE_BZ01_NDR_MS_N;24611;30/09/2025 17:15;0
GREEN_VALUE_BZ01_NDR_MS_N;24611;30/09/2025 17:30;0
GREEN_VALUE_BZ01_NDR_MS_N;24611;30/09/2025 17:45;0
GREEN_VALUE_BZ01_NDR_MS_N;24611;30/09/2025 18:00;0
GREEN_VALUE_BZ01_NDR_MS_N;24611;30/09/2025 18:15;0
GREEN_VALUE_BZ01_NDR_MS_N;24611;30/09/2025 18:30;0
GREEN_VALUE_BZ01_NDR_MS_N;24611;30/09/2025 18:45;0
GREEN_VALUE_BZ01_NDR_MS_N;24611;30/09/2025 19:00;0
GREEN_VALUE_BZ01_NDR_MS_N;24611;30/09/2025 19:15;0
GREEN_VALUE_BZ01_NDR_MS_N;24611;30/09/2025 19:30;0
GREEN_VALUE_BZ01_NDR_MS_N;24611;30/09/2025 19:45;0
GREEN_VALUE_BZ01_NDR_MS_N;24611;30/09/2025 20:00;0
GREEN_VALUE_BZ01_NDR_MS_N;24611;30/09/2025 20:15;0
GREEN_VALUE_BZ01_NDR_MS_N;24611;30/09/2025 20:30;0
GREEN_VALUE_BZ01_NDR_MS_N;24611;30/09/2025 20:45;0
GREEN_VALUE_BZ01_NDR_MS_N;24611;30/09/2025 21:00;0
GREEN_VALUE_BZ01_NDR_MS_N;24611;30/09/2025 21:15;0
GREEN_VALUE_BZ01_NDR_MS_N;24611;30/09/2025 21:30;0
GREEN_VALUE_BZ01_NDR_MS_N;24611;30/09/2025 21:45;0
GREEN_VALUE_BZ01_NDR_MS_N;24611;30/09/2025 22:00;0
GREEN_VALUE_BZ01_NDR_MS_N;24611;30/09/2025 22:15;0
GREEN_VALUE_BZ01_NDR_MS_N;24611;30/09/2025 22:30;0
GREEN_VALUE_BZ01_NDR_MS_N;24611;30/09/2025 22:45;0
GREEN_VALUE_BZ01_NDR_MS_N;24611;30/09/2025 23:00;0
GREEN_VALUE_BZ01_NDR_MS_N;24611;30/09/2025 23:15;0
GREEN_VALUE_BZ01_NDR_MS_N;24611;30/09/2025 23:30;0
GREEN_VALUE_BZ01_NDR_MS_N;24611;30/09/2025 23:45;0
GREEN_VALUE_BZ01_NDR_MS_N;24611;30/09/2025 24:00;0
GREEN_VALUE_BZ01_NDR_MS_N;24611;01/10/2025 00:15;0
GREEN_VALUE_BZ01_NDR_MS_N;24611;01/10/2025 00:30;0
GREEN_VALUE_BZ01_NDR_MS_N;24611;01/10/2025 00:45;0
GREEN_VALUE_BZ01_NDR_MS_N;24611;01/10/2025 01:00;0
GREEN_VALUE_BZ01_NDR_MS_N;25087;30/09/2025 01:15;0
GREEN_VALUE_BZ01_NDR_MS_N;25087;30/09/2025 01:30;0
GREEN_VALUE_BZ01_NDR_MS_N;25087;30/09/2025 01:45;0
GREEN_VALUE_BZ01_NDR_MS_N;25087;30/09/2025 02:00;0
GREEN_VALUE_BZ01_NDR_MS_N;25087;30/09/2025 02:15;0
GREEN_VALUE_BZ01_NDR_MS_N;25087;30/09/2025 02:30;0
GREEN_VALUE_BZ01_NDR_MS_N;25087;30/09/2025 02:45;0
GREEN_VALUE_BZ01_NDR_MS_N;25087;30/09/2025 03:00;0
GREEN_VALUE_BZ01_NDR_MS_N;25087;30/09/2025 03:15;0
GREEN_VALUE_BZ01_NDR_MS_N;25087;30/09/2025 03:30;0
GREEN_VALUE_BZ01_NDR_MS_N;25087;30/09/2025 03:45;0
GREEN_VALUE_BZ01_NDR_MS_N;25087;30/09/2025 04:00;0
GREEN_VALUE_BZ01_NDR_MS_N;25087;30/09/2025 04:15;0
GREEN_VALUE_BZ01_NDR_MS_N;25087;30/09/2025 04:30;0
GREEN_VALUE_BZ01_NDR_MS_N;25087;30/09/2025 04:45;0
GREEN_VALUE_BZ01_NDR_MS_N;25087;30/09/2025 05:00;0
GREEN_VALUE_BZ01_NDR_MS_N;25087;30/09/2025 05:15;0
GREEN_VALUE_BZ01_NDR_MS_N;25087;30/09/2025 05:30;0
GREEN_VALUE_BZ01_NDR_MS_N;25087;30/09/2025 05:45;0
GREEN_VALUE_BZ01_NDR_MS_N;25087;30/09/2025 06:00;0
GREEN_VALUE_BZ01_NDR_MS_N;25087;30/09/2025 06:15;0
GREEN_VALUE_BZ01_NDR_MS_N;25087;30/09/2025 06:30;0
GREEN_VALUE_BZ01_NDR_MS_N;25087;30/09/2025 06:45;0
GREEN_VALUE_BZ01_NDR_MS_N;25087;30/09/2025 07:00;0
GREEN_VALUE_BZ01_NDR_MS_N;25087;30/09/2025 07:15;0
GREEN_VALUE_BZ01_NDR_MS_N;25087;30/09/2025 07:30;.24
GREEN_VALUE_BZ01_NDR_MS_N;25087;30/09/2025 07:45;1.53
GREEN_VALUE_BZ01_NDR_MS_N;25087;30/09/2025 08:00;2.55
GREEN_VALUE_BZ01_NDR_MS_N;25087;30/09/2025 08:15;3.6
GREEN_VALUE_BZ01_NDR_MS_N;25087;30/09/2025 08:30;6.66
GREEN_VALUE_BZ01_NDR_MS_N;25087;30/09/2025 08:45;9.81
GREEN_VALUE_BZ01_NDR_MS_N;25087;30/09/2025 09:00;36.09
GREEN_VALUE_BZ01_NDR_MS_N;25087;30/09/2025 09:15;59.28
GREEN_VALUE_BZ01_NDR_MS_N;25087;30/09/2025 09:30;44.1
GREEN_VALUE_BZ01_NDR_MS_N;25087;30/09/2025 09:45;58.77
GREEN_VALUE_BZ01_NDR_MS_N;25087;30/09/2025 10:00;43.08
GREEN_VALUE_BZ01_NDR_MS_N;25087;30/09/2025 10:15;42.57
GREEN_VALUE_BZ01_NDR_MS_N;25087;30/09/2025 10:30;38.4
GREEN_VALUE_BZ01_NDR_MS_N;25087;30/09/2025 10:45;26.7
GREEN_VALUE_BZ01_NDR_MS_N;25087;30/09/2025 11:00;35.58
GREEN_VALUE_BZ01_NDR_MS_N;25087;30/09/2025 11:15;49.32
GREEN_VALUE_BZ01_NDR_MS_N;25087;30/09/2025 11:30;73.32
GREEN_VALUE_BZ01_NDR_MS_N;25087;30/09/2025 11:45;101.04
GREEN_VALUE_BZ01_NDR_MS_N;25087;30/09/2025 12:00;119.76
GREEN_VALUE_BZ01_NDR_MS_N;25087;30/09/2025 12:15;144.45
GREEN_VALUE_BZ01_NDR_MS_N;25087;30/09/2025 12:30;158.16
GREEN_VALUE_BZ01_NDR_MS_N;25087;30/09/2025 12:45;158.73
GREEN_VALUE_BZ01_NDR_MS_N;25087;30/09/2025 13:00;162.78
GREEN_VALUE_BZ01_NDR_MS_N;25087;30/09/2025 13:15;161.64
GREEN_VALUE_BZ01_NDR_MS_N;25087;30/09/2025 13:30;161.76
GREEN_VALUE_BZ01_NDR_MS_N;25087;30/09/2025 13:45;160.29
GREEN_VALUE_BZ01_NDR_MS_N;25087;30/09/2025 14:00;158.88
GREEN_VALUE_BZ01_NDR_MS_N;25087;30/09/2025 14:15;155.79
GREEN_VALUE_BZ01_NDR_MS_N;25087;30/09/2025 14:30;152.16
GREEN_VALUE_BZ01_NDR_MS_N;25087;30/09/2025 14:45;147.9
GREEN_VALUE_BZ01_NDR_MS_N;25087;30/09/2025 15:00;143.07
GREEN_VALUE_BZ01_NDR_MS_N;25087;30/09/2025 15:15;136.83
GREEN_VALUE_BZ01_NDR_MS_N;25087;30/09/2025 15:30;120.18
GREEN_VALUE_BZ01_NDR_MS_N;25087;30/09/2025 15:45;123.63
GREEN_VALUE_BZ01_NDR_MS_N;25087;30/09/2025 16:00;114.9
GREEN_VALUE_BZ01_NDR_MS_N;25087;30/09/2025 16:15;105.87
GREEN_VALUE_BZ01_NDR_MS_N;25087;30/09/2025 16:30;96.06
GREEN_VALUE_BZ01_NDR_MS_N;25087;30/09/2025 16:45;87.27
GREEN_VALUE_BZ01_NDR_MS_N;25087;30/09/2025 17:00;77.43
GREEN_VALUE_BZ01_NDR_MS_N;25087;30/09/2025 17:15;65.85
GREEN_VALUE_BZ01_NDR_MS_N;25087;30/09/2025 17:30;55.08
GREEN_VALUE_BZ01_NDR_MS_N;25087;30/09/2025 17:45;43.23
GREEN_VALUE_BZ01_NDR_MS_N;25087;30/09/2025 18:00;26.7
GREEN_VALUE_BZ01_NDR_MS_N;25087;30/09/2025 18:15;16.29
GREEN_VALUE_BZ01_NDR_MS_N;25087;30/09/2025 18:30;15.81
GREEN_VALUE_BZ01_NDR_MS_N;25087;30/09/2025 18:45;6.24
GREEN_VALUE_BZ01_NDR_MS_N;25087;30/09/2025 19:00;2.04
GREEN_VALUE_BZ01_NDR_MS_N;25087;30/09/2025 19:15;.3
GREEN_VALUE_BZ01_NDR_MS_N;25087;30/09/2025 19:30;0
GREEN_VALUE_BZ01_NDR_MS_N;25087;30/09/2025 19:45;0
GREEN_VALUE_BZ01_NDR_MS_N;25087;30/09/2025 20:00;0
GREEN_VALUE_BZ01_NDR_MS_N;25087;30/09/2025 20:15;0
GREEN_VALUE_BZ01_NDR_MS_N;25087;30/09/2025 20:30;0
GREEN_VALUE_BZ01_NDR_MS_N;25087;30/09/2025 20:45;0
GREEN_VALUE_BZ01_NDR_MS_N;25087;30/09/2025 21:00;0
GREEN_VALUE_BZ01_NDR_MS_N;25087;30/09/2025 21:15;0
GREEN_VALUE_BZ01_NDR_MS_N;25087;30/09/2025 21:30;0
GREEN_VALUE_BZ01_NDR_MS_N;25087;30/09/2025 21:45;0
GREEN_VALUE_BZ01_NDR_MS_N;25087;30/09/2025 22:00;0
GREEN_VALUE_BZ01_NDR_MS_N;25087;30/09/2025 22:15;0
GREEN_VALUE_BZ01_NDR_MS_N;25087;30/09/2025 22:30;0
GREEN_VALUE_BZ01_NDR_MS_N;25087;30/09/2025 22:45;0
GREEN_VALUE_BZ01_NDR_MS_N;25087;30/09/2025 23:00;0
GREEN_VALUE_BZ01_NDR_MS_N;25087;30/09/2025 23:15;0
GREEN_VALUE_BZ01_NDR_MS_N;25087;30/09/2025 23:30;0
GREEN_VALUE_BZ01_NDR_MS_N;25087;30/09/2025 23:45;0
GREEN_VALUE_BZ01_NDR_MS_N;25087;30/09/2025 24:00;0
GREEN_VALUE_BZ01_NDR_MS_N;25087;01/10/2025 00:15;0
GREEN_VALUE_BZ01_NDR_MS_N;25087;01/10/2025 00:30;0
GREEN_VALUE_BZ01_NDR_MS_N;25087;01/10/2025 00:45;0
GREEN_VALUE_BZ01_NDR_MS_N;25087;01/10/2025 01:00;0
GREEN_VALUE_BZ01_NDR_MS_N;25817;30/09/2025 01:15;0
GREEN_VALUE_BZ01_NDR_MS_N;25817;30/09/2025 01:30;0
GREEN_VALUE_BZ01_NDR_MS_N;25817;30/09/2025 01:45;0
GREEN_VALUE_BZ01_NDR_MS_N;25817;30/09/2025 02:00;0
GREEN_VALUE_BZ01_NDR_MS_N;25817;30/09/2025 02:15;0
GREEN_VALUE_BZ01_NDR_MS_N;25817;30/09/2025 02:30;0
GREEN_VALUE_BZ01_NDR_MS_N;25817;30/09/2025 02:45;0
GREEN_VALUE_BZ01_NDR_MS_N;25817;30/09/2025 03:00;0
GREEN_VALUE_BZ01_NDR_MS_N;25817;30/09/2025 03:15;0
GREEN_VALUE_BZ01_NDR_MS_N;25817;30/09/2025 03:30;0
GREEN_VALUE_BZ01_NDR_MS_N;25817;30/09/2025 03:45;0
GREEN_VALUE_BZ01_NDR_MS_N;25817;30/09/2025 04:00;0
GREEN_VALUE_BZ01_NDR_MS_N;25817;30/09/2025 04:15;0
GREEN_VALUE_BZ01_NDR_MS_N;25817;30/09/2025 04:30;0
GREEN_VALUE_BZ01_NDR_MS_N;25817;30/09/2025 04:45;0
GREEN_VALUE_BZ01_NDR_MS_N;25817;30/09/2025 05:00;0
GREEN_VALUE_BZ01_NDR_MS_N;25817;30/09/2025 05:15;0
GREEN_VALUE_BZ01_NDR_MS_N;25817;30/09/2025 05:30;0
GREEN_VALUE_BZ01_NDR_MS_N;25817;30/09/2025 05:45;0
GREEN_VALUE_BZ01_NDR_MS_N;25817;30/09/2025 06:00;0
GREEN_VALUE_BZ01_NDR_MS_N;25817;30/09/2025 06:15;0
GREEN_VALUE_BZ01_NDR_MS_N;25817;30/09/2025 06:30;0
GREEN_VALUE_BZ01_NDR_MS_N;25817;30/09/2025 06:45;0
GREEN_VALUE_BZ01_NDR_MS_N;25817;30/09/2025 07:00;0
GREEN_VALUE_BZ01_NDR_MS_N;25817;30/09/2025 07:15;0
GREEN_VALUE_BZ01_NDR_MS_N;25817;30/09/2025 07:30;0
GREEN_VALUE_BZ01_NDR_MS_N;25817;30/09/2025 07:45;.1
GREEN_VALUE_BZ01_NDR_MS_N;25817;30/09/2025 08:00;.289
GREEN_VALUE_BZ01_NDR_MS_N;25817;30/09/2025 08:15;.403
GREEN_VALUE_BZ01_NDR_MS_N;25817;30/09/2025 08:30;.301
GREEN_VALUE_BZ01_NDR_MS_N;25817;30/09/2025 08:45;.637
GREEN_VALUE_BZ01_NDR_MS_N;25817;30/09/2025 09:00;.795
GREEN_VALUE_BZ01_NDR_MS_N;25817;30/09/2025 09:15;1.043
GREEN_VALUE_BZ01_NDR_MS_N;25817;30/09/2025 09:30;1.248
GREEN_VALUE_BZ01_NDR_MS_N;25817;30/09/2025 09:45;1.289
GREEN_VALUE_BZ01_NDR_MS_N;25817;30/09/2025 10:00;3.474
GREEN_VALUE_BZ01_NDR_MS_N;25817;30/09/2025 10:15;5.415
GREEN_VALUE_BZ01_NDR_MS_N;25817;30/09/2025 10:30;12.554
GREEN_VALUE_BZ01_NDR_MS_N;25817;30/09/2025 10:45;18.247
GREEN_VALUE_BZ01_NDR_MS_N;25817;30/09/2025 11:00;14.047
GREEN_VALUE_BZ01_NDR_MS_N;25817;30/09/2025 11:15;18.549
GREEN_VALUE_BZ01_NDR_MS_N;25817;30/09/2025 11:30;20.048
GREEN_VALUE_BZ01_NDR_MS_N;25817;30/09/2025 11:45;18.004
GREEN_VALUE_BZ01_NDR_MS_N;25817;30/09/2025 12:00;21.455
GREEN_VALUE_BZ01_NDR_MS_N;25817;30/09/2025 12:15;18.778
GREEN_VALUE_BZ01_NDR_MS_N;25817;30/09/2025 12:30;17.192
GREEN_VALUE_BZ01_NDR_MS_N;25817;30/09/2025 12:45;24.077
GREEN_VALUE_BZ01_NDR_MS_N;25817;30/09/2025 13:00;22.453
GREEN_VALUE_BZ01_NDR_MS_N;25817;30/09/2025 13:15;17.34
GREEN_VALUE_BZ01_NDR_MS_N;25817;30/09/2025 13:30;24.052
GREEN_VALUE_BZ01_NDR_MS_N;25817;30/09/2025 13:45;11.972
GREEN_VALUE_BZ01_NDR_MS_N;25817;30/09/2025 14:00;14.73
GREEN_VALUE_BZ01_NDR_MS_N;25817;30/09/2025 14:15;19.6
GREEN_VALUE_BZ01_NDR_MS_N;25817;30/09/2025 14:30;18.641
GREEN_VALUE_BZ01_NDR_MS_N;25817;30/09/2025 14:45;21.82
GREEN_VALUE_BZ01_NDR_MS_N;25817;30/09/2025 15:00;14.442
GREEN_VALUE_BZ01_NDR_MS_N;25817;30/09/2025 15:15;5.069
GREEN_VALUE_BZ01_NDR_MS_N;25817;30/09/2025 15:30;5.219
GREEN_VALUE_BZ01_NDR_MS_N;25817;30/09/2025 15:45;12.382
GREEN_VALUE_BZ01_NDR_MS_N;25817;30/09/2025 16:00;7.093
GREEN_VALUE_BZ01_NDR_MS_N;25817;30/09/2025 16:15;10.431
GREEN_VALUE_BZ01_NDR_MS_N;25817;30/09/2025 16:30;3.654
GREEN_VALUE_BZ01_NDR_MS_N;25817;30/09/2025 16:45;4.825
GREEN_VALUE_BZ01_NDR_MS_N;25817;30/09/2025 17:00;12.32
GREEN_VALUE_BZ01_NDR_MS_N;25817;30/09/2025 17:15;9.455
GREEN_VALUE_BZ01_NDR_MS_N;25817;30/09/2025 17:30;8.18
GREEN_VALUE_BZ01_NDR_MS_N;25817;30/09/2025 17:45;6.1
GREEN_VALUE_BZ01_NDR_MS_N;25817;30/09/2025 18:00;5.559
GREEN_VALUE_BZ01_NDR_MS_N;25817;30/09/2025 18:15;4.532
GREEN_VALUE_BZ01_NDR_MS_N;25817;30/09/2025 18:30;2.361
GREEN_VALUE_BZ01_NDR_MS_N;25817;30/09/2025 18:45;1.862
GREEN_VALUE_BZ01_NDR_MS_N;25817;30/09/2025 19:00;.929
GREEN_VALUE_BZ01_NDR_MS_N;25817;30/09/2025 19:15;.261
GREEN_VALUE_BZ01_NDR_MS_N;25817;30/09/2025 19:30;.024
GREEN_VALUE_BZ01_NDR_MS_N;25817;30/09/2025 19:45;0
GREEN_VALUE_BZ01_NDR_MS_N;25817;30/09/2025 20:00;0
GREEN_VALUE_BZ01_NDR_MS_N;25817;30/09/2025 20:15;0
GREEN_VALUE_BZ01_NDR_MS_N;25817;30/09/2025 20:30;0
GREEN_VALUE_BZ01_NDR_MS_N;25817;30/09/2025 20:45;0
GREEN_VALUE_BZ01_NDR_MS_N;25817;30/09/2025 21:00;0
GREEN_VALUE_BZ01_NDR_MS_N;25817;30/09/2025 21:15;0
GREEN_VALUE_BZ01_NDR_MS_N;25817;30/09/2025 21:30;0
GREEN_VALUE_BZ01_NDR_MS_N;25817;30/09/2025 21:45;0
GREEN_VALUE_BZ01_NDR_MS_N;25817;30/09/2025 22:00;0
GREEN_VALUE_BZ01_NDR_MS_N;25817;30/09/2025 22:15;0
GREEN_VALUE_BZ01_NDR_MS_N;25817;30/09/2025 22:30;0
GREEN_VALUE_BZ01_NDR_MS_N;25817;30/09/2025 22:45;0
GREEN_VALUE_BZ01_NDR_MS_N;25817;30/09/2025 23:00;0
GREEN_VALUE_BZ01_NDR_MS_N;25817;30/09/2025 23:15;0
GREEN_VALUE_BZ01_NDR_MS_N;25817;30/09/2025 23:30;0
GREEN_VALUE_BZ01_NDR_MS_N;25817;30/09/2025 23:45;0
GREEN_VALUE_BZ01_NDR_MS_N;25817;30/09/2025 24:00;0
GREEN_VALUE_BZ01_NDR_MS_N;25817;01/10/2025 00:15;0
GREEN_VALUE_BZ01_NDR_MS_N;25817;01/10/2025 00:30;0
GREEN_VALUE_BZ01_NDR_MS_N;25817;01/10/2025 00:45;0
GREEN_VALUE_BZ01_NDR_MS_N;25817;01/10/2025 01:00;0
GREEN_VALUE_BZ01_NDR_MS_N;26127;30/09/2025 01:15;0
GREEN_VALUE_BZ01_NDR_MS_N;26127;30/09/2025 01:30;0
GREEN_VALUE_BZ01_NDR_MS_N;26127;30/09/2025 01:45;0
GREEN_VALUE_BZ01_NDR_MS_N;26127;30/09/2025 02:00;0
GREEN_VALUE_BZ01_NDR_MS_N;26127;30/09/2025 02:15;0
GREEN_VALUE_BZ01_NDR_MS_N;26127;30/09/2025 02:30;0
GREEN_VALUE_BZ01_NDR_MS_N;26127;30/09/2025 02:45;0
GREEN_VALUE_BZ01_NDR_MS_N;26127;30/09/2025 03:00;0
GREEN_VALUE_BZ01_NDR_MS_N;26127;30/09/2025 03:15;0
GREEN_VALUE_BZ01_NDR_MS_N;26127;30/09/2025 03:30;0
GREEN_VALUE_BZ01_NDR_MS_N;26127;30/09/2025 03:45;0
GREEN_VALUE_BZ01_NDR_MS_N;26127;30/09/2025 04:00;0
GREEN_VALUE_BZ01_NDR_MS_N;26127;30/09/2025 04:15;0
GREEN_VALUE_BZ01_NDR_MS_N;26127;30/09/2025 04:30;0
GREEN_VALUE_BZ01_NDR_MS_N;26127;30/09/2025 04:45;0
GREEN_VALUE_BZ01_NDR_MS_N;26127;30/09/2025 05:00;0
GREEN_VALUE_BZ01_NDR_MS_N;26127;30/09/2025 05:15;0
GREEN_VALUE_BZ01_NDR_MS_N;26127;30/09/2025 05:30;0
GREEN_VALUE_BZ01_NDR_MS_N;26127;30/09/2025 05:45;0
GREEN_VALUE_BZ01_NDR_MS_N;26127;30/09/2025 06:00;0
GREEN_VALUE_BZ01_NDR_MS_N;26127;30/09/2025 06:15;0
GREEN_VALUE_BZ01_NDR_MS_N;26127;30/09/2025 06:30;0
GREEN_VALUE_BZ01_NDR_MS_N;26127;30/09/2025 06:45;0
GREEN_VALUE_BZ01_NDR_MS_N;26127;30/09/2025 07:00;0
GREEN_VALUE_BZ01_NDR_MS_N;26127;30/09/2025 07:15;0
GREEN_VALUE_BZ01_NDR_MS_N;26127;30/09/2025 07:30;.03
GREEN_VALUE_BZ01_NDR_MS_N;26127;30/09/2025 07:45;.303
GREEN_VALUE_BZ01_NDR_MS_N;26127;30/09/2025 08:00;1.057
GREEN_VALUE_BZ01_NDR_MS_N;26127;30/09/2025 08:15;1.199
GREEN_VALUE_BZ01_NDR_MS_N;26127;30/09/2025 08:30;1.312
GREEN_VALUE_BZ01_NDR_MS_N;26127;30/09/2025 08:45;2.992
GREEN_VALUE_BZ01_NDR_MS_N;26127;30/09/2025 09:00;5.271
GREEN_VALUE_BZ01_NDR_MS_N;26127;30/09/2025 09:15;5.739
GREEN_VALUE_BZ01_NDR_MS_N;26127;30/09/2025 09:30;4.013
GREEN_VALUE_BZ01_NDR_MS_N;26127;30/09/2025 09:45;4.671
GREEN_VALUE_BZ01_NDR_MS_N;26127;30/09/2025 10:00;5.054
GREEN_VALUE_BZ01_NDR_MS_N;26127;30/09/2025 10:15;13.264
GREEN_VALUE_BZ01_NDR_MS_N;26127;30/09/2025 10:30;14.621
GREEN_VALUE_BZ01_NDR_MS_N;26127;30/09/2025 10:45;13.736
GREEN_VALUE_BZ01_NDR_MS_N;26127;30/09/2025 11:00;2.22
GREEN_VALUE_BZ01_NDR_MS_N;26127;30/09/2025 11:15;3.713
GREEN_VALUE_BZ01_NDR_MS_N;26127;30/09/2025 11:30;6.152
GREEN_VALUE_BZ01_NDR_MS_N;26127;30/09/2025 11:45;5.221
GREEN_VALUE_BZ01_NDR_MS_N;26127;30/09/2025 12:00;5.8
GREEN_VALUE_BZ01_NDR_MS_N;26127;30/09/2025 12:15;9.018
GREEN_VALUE_BZ01_NDR_MS_N;26127;30/09/2025 12:30;4.661
GREEN_VALUE_BZ01_NDR_MS_N;26127;30/09/2025 12:45;10.695
GREEN_VALUE_BZ01_NDR_MS_N;26127;30/09/2025 13:00;5.109
GREEN_VALUE_BZ01_NDR_MS_N;26127;30/09/2025 13:15;5.254
GREEN_VALUE_BZ01_NDR_MS_N;26127;30/09/2025 13:30;22.485
GREEN_VALUE_BZ01_NDR_MS_N;26127;30/09/2025 13:45;17.204
GREEN_VALUE_BZ01_NDR_MS_N;26127;30/09/2025 14:00;13.181
GREEN_VALUE_BZ01_NDR_MS_N;26127;30/09/2025 14:15;17.016
GREEN_VALUE_BZ01_NDR_MS_N;26127;30/09/2025 14:30;17.826
GREEN_VALUE_BZ01_NDR_MS_N;26127;30/09/2025 14:45;10.893
GREEN_VALUE_BZ01_NDR_MS_N;26127;30/09/2025 15:00;5.79
GREEN_VALUE_BZ01_NDR_MS_N;26127;30/09/2025 15:15;5.208
GREEN_VALUE_BZ01_NDR_MS_N;26127;30/09/2025 15:30;4.475
GREEN_VALUE_BZ01_NDR_MS_N;26127;30/09/2025 15:45;5.188
GREEN_VALUE_BZ01_NDR_MS_N;26127;30/09/2025 16:00;9.43
GREEN_VALUE_BZ01_NDR_MS_N;26127;30/09/2025 16:15;18.016
GREEN_VALUE_BZ01_NDR_MS_N;26127;30/09/2025 16:30;17.282
GREEN_VALUE_BZ01_NDR_MS_N;26127;30/09/2025 16:45;9.079
GREEN_VALUE_BZ01_NDR_MS_N;26127;30/09/2025 17:00;16.798
GREEN_VALUE_BZ01_NDR_MS_N;26127;30/09/2025 17:15;13.921
GREEN_VALUE_BZ01_NDR_MS_N;26127;30/09/2025 17:30;12.265
GREEN_VALUE_BZ01_NDR_MS_N;26127;30/09/2025 17:45;10.112
GREEN_VALUE_BZ01_NDR_MS_N;26127;30/09/2025 18:00;7.258
GREEN_VALUE_BZ01_NDR_MS_N;26127;30/09/2025 18:15;6.492
GREEN_VALUE_BZ01_NDR_MS_N;26127;30/09/2025 18:30;3.682
GREEN_VALUE_BZ01_NDR_MS_N;26127;30/09/2025 18:45;3.019
GREEN_VALUE_BZ01_NDR_MS_N;26127;30/09/2025 19:00;1.393
GREEN_VALUE_BZ01_NDR_MS_N;26127;30/09/2025 19:15;.283
GREEN_VALUE_BZ01_NDR_MS_N;26127;30/09/2025 19:30;.037
GREEN_VALUE_BZ01_NDR_MS_N;26127;30/09/2025 19:45;0
GREEN_VALUE_BZ01_NDR_MS_N;26127;30/09/2025 20:00;0
GREEN_VALUE_BZ01_NDR_MS_N;26127;30/09/2025 20:15;0
GREEN_VALUE_BZ01_NDR_MS_N;26127;30/09/2025 20:30;0
GREEN_VALUE_BZ01_NDR_MS_N;26127;30/09/2025 20:45;0
GREEN_VALUE_BZ01_NDR_MS_N;26127;30/09/2025 21:00;0
GREEN_VALUE_BZ01_NDR_MS_N;26127;30/09/2025 21:15;0
GREEN_VALUE_BZ01_NDR_MS_N;26127;30/09/2025 21:30;0
GREEN_VALUE_BZ01_NDR_MS_N;26127;30/09/2025 21:45;0
GREEN_VALUE_BZ01_NDR_MS_N;26127;30/09/2025 22:00;0
GREEN_VALUE_BZ01_NDR_MS_N;26127;30/09/2025 22:15;0
GREEN_VALUE_BZ01_NDR_MS_N;26127;30/09/2025 22:30;0
GREEN_VALUE_BZ01_NDR_MS_N;26127;30/09/2025 22:45;0
GREEN_VALUE_BZ01_NDR_MS_N;26127;30/09/2025 23:00;0
GREEN_VALUE_BZ01_NDR_MS_N;26127;30/09/2025 23:15;0
GREEN_VALUE_BZ01_NDR_MS_N;26127;30/09/2025 23:30;0
GREEN_VALUE_BZ01_NDR_MS_N;26127;30/09/2025 23:45;0
GREEN_VALUE_BZ01_NDR_MS_N;26127;30/09/2025 24:00;0
GREEN_VALUE_BZ01_NDR_MS_N;26127;01/10/2025 00:15;0
GREEN_VALUE_BZ01_NDR_MS_N;26127;01/10/2025 00:30;0
GREEN_VALUE_BZ01_NDR_MS_N;26127;01/10/2025 00:45;0
GREEN_VALUE_BZ01_NDR_MS_N;26127;01/10/2025 01:00;0
GREEN_VALUE_BZ01_NDR_MS_N;26467;30/09/2025 01:15;0
GREEN_VALUE_BZ01_NDR_MS_N;26467;30/09/2025 01:30;0
GREEN_VALUE_BZ01_NDR_MS_N;26467;30/09/2025 01:45;0
GREEN_VALUE_BZ01_NDR_MS_N;26467;30/09/2025 02:00;0
GREEN_VALUE_BZ01_NDR_MS_N;26467;30/09/2025 02:15;0
GREEN_VALUE_BZ01_NDR_MS_N;26467;30/09/2025 02:30;0
GREEN_VALUE_BZ01_NDR_MS_N;26467;30/09/2025 02:45;0
GREEN_VALUE_BZ01_NDR_MS_N;26467;30/09/2025 03:00;0
GREEN_VALUE_BZ01_NDR_MS_N;26467;30/09/2025 03:15;0
GREEN_VALUE_BZ01_NDR_MS_N;26467;30/09/2025 03:30;0
GREEN_VALUE_BZ01_NDR_MS_N;26467;30/09/2025 03:45;0
GREEN_VALUE_BZ01_NDR_MS_N;26467;30/09/2025 04:00;0
GREEN_VALUE_BZ01_NDR_MS_N;26467;30/09/2025 04:15;0
GREEN_VALUE_BZ01_NDR_MS_N;26467;30/09/2025 04:30;0
GREEN_VALUE_BZ01_NDR_MS_N;26467;30/09/2025 04:45;0
GREEN_VALUE_BZ01_NDR_MS_N;26467;30/09/2025 05:00;0
GREEN_VALUE_BZ01_NDR_MS_N;26467;30/09/2025 05:15;0
GREEN_VALUE_BZ01_NDR_MS_N;26467;30/09/2025 05:30;0
GREEN_VALUE_BZ01_NDR_MS_N;26467;30/09/2025 05:45;0
GREEN_VALUE_BZ01_NDR_MS_N;26467;30/09/2025 06:00;0
GREEN_VALUE_BZ01_NDR_MS_N;26467;30/09/2025 06:15;0
GREEN_VALUE_BZ01_NDR_MS_N;26467;30/09/2025 06:30;0
GREEN_VALUE_BZ01_NDR_MS_N;26467;30/09/2025 06:45;0
GREEN_VALUE_BZ01_NDR_MS_N;26467;30/09/2025 07:00;0
GREEN_VALUE_BZ01_NDR_MS_N;26467;30/09/2025 07:15;0
GREEN_VALUE_BZ01_NDR_MS_N;26467;30/09/2025 07:30;0
GREEN_VALUE_BZ01_NDR_MS_N;26467;30/09/2025 07:45;1.2
GREEN_VALUE_BZ01_NDR_MS_N;26467;30/09/2025 08:00;3.6
GREEN_VALUE_BZ01_NDR_MS_N;26467;30/09/2025 08:15;4.2
GREEN_VALUE_BZ01_NDR_MS_N;26467;30/09/2025 08:30;5.6
GREEN_VALUE_BZ01_NDR_MS_N;26467;30/09/2025 08:45;8
GREEN_VALUE_BZ01_NDR_MS_N;26467;30/09/2025 09:00;14.6
GREEN_VALUE_BZ01_NDR_MS_N;26467;30/09/2025 09:15;20
GREEN_VALUE_BZ01_NDR_MS_N;26467;30/09/2025 09:30;48.6
GREEN_VALUE_BZ01_NDR_MS_N;26467;30/09/2025 09:45;76
GREEN_VALUE_BZ01_NDR_MS_N;26467;30/09/2025 10:00;81.4
GREEN_VALUE_BZ01_NDR_MS_N;26467;30/09/2025 10:15;88.4
GREEN_VALUE_BZ01_NDR_MS_N;26467;30/09/2025 10:30;92
GREEN_VALUE_BZ01_NDR_MS_N;26467;30/09/2025 10:45;91.4
GREEN_VALUE_BZ01_NDR_MS_N;26467;30/09/2025 11:00;91.8
GREEN_VALUE_BZ01_NDR_MS_N;26467;30/09/2025 11:15;93.2
GREEN_VALUE_BZ01_NDR_MS_N;26467;30/09/2025 11:30;95.2
GREEN_VALUE_BZ01_NDR_MS_N;26467;30/09/2025 11:45;97.6
GREEN_VALUE_BZ01_NDR_MS_N;26467;30/09/2025 12:00;74.6
GREEN_VALUE_BZ01_NDR_MS_N;26467;30/09/2025 12:15;96.4
GREEN_VALUE_BZ01_NDR_MS_N;26467;30/09/2025 12:30;84.2
GREEN_VALUE_BZ01_NDR_MS_N;26467;30/09/2025 12:45;56.4
GREEN_VALUE_BZ01_NDR_MS_N;26467;30/09/2025 13:00;45
GREEN_VALUE_BZ01_NDR_MS_N;26467;30/09/2025 13:15;88.8
GREEN_VALUE_BZ01_NDR_MS_N;26467;30/09/2025 13:30;67
GREEN_VALUE_BZ01_NDR_MS_N;26467;30/09/2025 13:45;94.2
GREEN_VALUE_BZ01_NDR_MS_N;26467;30/09/2025 14:00;90
GREEN_VALUE_BZ01_NDR_MS_N;26467;30/09/2025 14:15;88.2
GREEN_VALUE_BZ01_NDR_MS_N;26467;30/09/2025 14:30;84.4
GREEN_VALUE_BZ01_NDR_MS_N;26467;30/09/2025 14:45;84.2
GREEN_VALUE_BZ01_NDR_MS_N;26467;30/09/2025 15:00;85.2
GREEN_VALUE_BZ01_NDR_MS_N;26467;30/09/2025 15:15;86
GREEN_VALUE_BZ01_NDR_MS_N;26467;30/09/2025 15:30;87.4
GREEN_VALUE_BZ01_NDR_MS_N;26467;30/09/2025 15:45;87.4
GREEN_VALUE_BZ01_NDR_MS_N;26467;30/09/2025 16:00;84.4
GREEN_VALUE_BZ01_NDR_MS_N;26467;30/09/2025 16:15;82.8
GREEN_VALUE_BZ01_NDR_MS_N;26467;30/09/2025 16:30;81.8
GREEN_VALUE_BZ01_NDR_MS_N;26467;30/09/2025 16:45;80.2
GREEN_VALUE_BZ01_NDR_MS_N;26467;30/09/2025 17:00;77.6
GREEN_VALUE_BZ01_NDR_MS_N;26467;30/09/2025 17:15;74.8
GREEN_VALUE_BZ01_NDR_MS_N;26467;30/09/2025 17:30;62.6
GREEN_VALUE_BZ01_NDR_MS_N;26467;30/09/2025 17:45;42.4
GREEN_VALUE_BZ01_NDR_MS_N;26467;30/09/2025 18:00;28.8
GREEN_VALUE_BZ01_NDR_MS_N;26467;30/09/2025 18:15;17.4
GREEN_VALUE_BZ01_NDR_MS_N;26467;30/09/2025 18:30;6.8
GREEN_VALUE_BZ01_NDR_MS_N;26467;30/09/2025 18:45;3.8
GREEN_VALUE_BZ01_NDR_MS_N;26467;30/09/2025 19:00;2.8
GREEN_VALUE_BZ01_NDR_MS_N;26467;30/09/2025 19:15;.4
GREEN_VALUE_BZ01_NDR_MS_N;26467;30/09/2025 19:30;0
GREEN_VALUE_BZ01_NDR_MS_N;26467;30/09/2025 19:45;0
GREEN_VALUE_BZ01_NDR_MS_N;26467;30/09/2025 20:00;0
GREEN_VALUE_BZ01_NDR_MS_N;26467;30/09/2025 20:15;0
GREEN_VALUE_BZ01_NDR_MS_N;26467;30/09/2025 20:30;0
GREEN_VALUE_BZ01_NDR_MS_N;26467;30/09/2025 20:45;0
GREEN_VALUE_BZ01_NDR_MS_N;26467;30/09/2025 21:00;0
GREEN_VALUE_BZ01_NDR_MS_N;26467;30/09/2025 21:15;0
GREEN_VALUE_BZ01_NDR_MS_N;26467;30/09/2025 21:30;0
GREEN_VALUE_BZ01_NDR_MS_N;26467;30/09/2025 21:45;0
GREEN_VALUE_BZ01_NDR_MS_N;26467;30/09/2025 22:00;0
GREEN_VALUE_BZ01_NDR_MS_N;26467;30/09/2025 22:15;0
GREEN_VALUE_BZ01_NDR_MS_N;26467;30/09/2025 22:30;0
GREEN_VALUE_BZ01_NDR_MS_N;26467;30/09/2025 22:45;0
GREEN_VALUE_BZ01_NDR_MS_N;26467;30/09/2025 23:00;0
GREEN_VALUE_BZ01_NDR_MS_N;26467;30/09/2025 23:15;0
GREEN_VALUE_BZ01_NDR_MS_N;26467;30/09/2025 23:30;0
GREEN_VALUE_BZ01_NDR_MS_N;26467;30/09/2025 23:45;0
GREEN_VALUE_BZ01_NDR_MS_N;26467;30/09/2025 24:00;0
GREEN_VALUE_BZ01_NDR_MS_N;26467;01/10/2025 00:15;0
GREEN_VALUE_BZ01_NDR_MS_N;26467;01/10/2025 00:30;0
GREEN_VALUE_BZ01_NDR_MS_N;26467;01/10/2025 00:45;0
GREEN_VALUE_BZ01_NDR_MS_N;26467;01/10/2025 01:00;0
GREEN_VALUE_BZ01_NDR_MS_N;26674;30/09/2025 01:15;0
GREEN_VALUE_BZ01_NDR_MS_N;26674;30/09/2025 01:30;0
GREEN_VALUE_BZ01_NDR_MS_N;26674;30/09/2025 01:45;0
GREEN_VALUE_BZ01_NDR_MS_N;26674;30/09/2025 02:00;0
GREEN_VALUE_BZ01_NDR_MS_N;26674;30/09/2025 02:15;0
GREEN_VALUE_BZ01_NDR_MS_N;26674;30/09/2025 02:30;0
GREEN_VALUE_BZ01_NDR_MS_N;26674;30/09/2025 02:45;0
GREEN_VALUE_BZ01_NDR_MS_N;26674;30/09/2025 03:00;0
GREEN_VALUE_BZ01_NDR_MS_N;26674;30/09/2025 03:15;0
GREEN_VALUE_BZ01_NDR_MS_N;26674;30/09/2025 03:30;0
GREEN_VALUE_BZ01_NDR_MS_N;26674;30/09/2025 03:45;0
GREEN_VALUE_BZ01_NDR_MS_N;26674;30/09/2025 04:00;0
GREEN_VALUE_BZ01_NDR_MS_N;26674;30/09/2025 04:15;0
GREEN_VALUE_BZ01_NDR_MS_N;26674;30/09/2025 04:30;0
GREEN_VALUE_BZ01_NDR_MS_N;26674;30/09/2025 04:45;0
GREEN_VALUE_BZ01_NDR_MS_N;26674;30/09/2025 05:00;0
GREEN_VALUE_BZ01_NDR_MS_N;26674;30/09/2025 05:15;0
GREEN_VALUE_BZ01_NDR_MS_N;26674;30/09/2025 05:30;0
GREEN_VALUE_BZ01_NDR_MS_N;26674;30/09/2025 05:45;0
GREEN_VALUE_BZ01_NDR_MS_N;26674;30/09/2025 06:00;0
GREEN_VALUE_BZ01_NDR_MS_N;26674;30/09/2025 06:15;0
GREEN_VALUE_BZ01_NDR_MS_N;26674;30/09/2025 06:30;0
GREEN_VALUE_BZ01_NDR_MS_N;26674;30/09/2025 06:45;0
GREEN_VALUE_BZ01_NDR_MS_N;26674;30/09/2025 07:00;0
GREEN_VALUE_BZ01_NDR_MS_N;26674;30/09/2025 07:15;0
GREEN_VALUE_BZ01_NDR_MS_N;26674;30/09/2025 07:30;.02
GREEN_VALUE_BZ01_NDR_MS_N;26674;30/09/2025 07:45;.56
GREEN_VALUE_BZ01_NDR_MS_N;26674;30/09/2025 08:00;2.18
GREEN_VALUE_BZ01_NDR_MS_N;26674;30/09/2025 08:15;4.14
GREEN_VALUE_BZ01_NDR_MS_N;26674;30/09/2025 08:30;6.08
GREEN_VALUE_BZ01_NDR_MS_N;26674;30/09/2025 08:45;7.76
GREEN_VALUE_BZ01_NDR_MS_N;26674;30/09/2025 09:00;8.82
GREEN_VALUE_BZ01_NDR_MS_N;26674;30/09/2025 09:15;9.22
GREEN_VALUE_BZ01_NDR_MS_N;26674;30/09/2025 09:30;6.12
GREEN_VALUE_BZ01_NDR_MS_N;26674;30/09/2025 09:45;13.8
GREEN_VALUE_BZ01_NDR_MS_N;26674;30/09/2025 10:00;60.36
GREEN_VALUE_BZ01_NDR_MS_N;26674;30/09/2025 10:15;59.84
GREEN_VALUE_BZ01_NDR_MS_N;26674;30/09/2025 10:30;17.08
GREEN_VALUE_BZ01_NDR_MS_N;26674;30/09/2025 10:45;25.78
GREEN_VALUE_BZ01_NDR_MS_N;26674;30/09/2025 11:00;54.4
GREEN_VALUE_BZ01_NDR_MS_N;26674;30/09/2025 11:15;22.08
GREEN_VALUE_BZ01_NDR_MS_N;26674;30/09/2025 11:30;33.38
GREEN_VALUE_BZ01_NDR_MS_N;26674;30/09/2025 11:45;82.6
GREEN_VALUE_BZ01_NDR_MS_N;26674;30/09/2025 12:00;47.58
GREEN_VALUE_BZ01_NDR_MS_N;26674;30/09/2025 12:15;18.1
GREEN_VALUE_BZ01_NDR_MS_N;26674;30/09/2025 12:30;13.82
GREEN_VALUE_BZ01_NDR_MS_N;26674;30/09/2025 12:45;14.06
GREEN_VALUE_BZ01_NDR_MS_N;26674;30/09/2025 13:00;27.92
GREEN_VALUE_BZ01_NDR_MS_N;26674;30/09/2025 13:15;26.84
GREEN_VALUE_BZ01_NDR_MS_N;26674;30/09/2025 13:30;37.52
GREEN_VALUE_BZ01_NDR_MS_N;26674;30/09/2025 13:45;41.58
GREEN_VALUE_BZ01_NDR_MS_N;26674;30/09/2025 14:00;80.92
GREEN_VALUE_BZ01_NDR_MS_N;26674;30/09/2025 14:15;37.98
GREEN_VALUE_BZ01_NDR_MS_N;26674;30/09/2025 14:30;84.52
GREEN_VALUE_BZ01_NDR_MS_N;26674;30/09/2025 14:45;102.02
GREEN_VALUE_BZ01_NDR_MS_N;26674;30/09/2025 15:00;67.42
GREEN_VALUE_BZ01_NDR_MS_N;26674;30/09/2025 15:15;64.36
GREEN_VALUE_BZ01_NDR_MS_N;26674;30/09/2025 15:30;89.92
GREEN_VALUE_BZ01_NDR_MS_N;26674;30/09/2025 15:45;74.48
GREEN_VALUE_BZ01_NDR_MS_N;26674;30/09/2025 16:00;82.72
GREEN_VALUE_BZ01_NDR_MS_N;26674;30/09/2025 16:15;73.52
GREEN_VALUE_BZ01_NDR_MS_N;26674;30/09/2025 16:30;68.32
GREEN_VALUE_BZ01_NDR_MS_N;26674;30/09/2025 16:45;61.48
GREEN_VALUE_BZ01_NDR_MS_N;26674;30/09/2025 17:00;55.52
GREEN_VALUE_BZ01_NDR_MS_N;26674;30/09/2025 17:15;48.56
GREEN_VALUE_BZ01_NDR_MS_N;26674;30/09/2025 17:30;41.28
GREEN_VALUE_BZ01_NDR_MS_N;26674;30/09/2025 17:45;30.98
GREEN_VALUE_BZ01_NDR_MS_N;26674;30/09/2025 18:00;25.44
GREEN_VALUE_BZ01_NDR_MS_N;26674;30/09/2025 18:15;17.74
GREEN_VALUE_BZ01_NDR_MS_N;26674;30/09/2025 18:30;8.68
GREEN_VALUE_BZ01_NDR_MS_N;26674;30/09/2025 18:45;4.8
GREEN_VALUE_BZ01_NDR_MS_N;26674;30/09/2025 19:00;2.2
GREEN_VALUE_BZ01_NDR_MS_N;26674;30/09/2025 19:15;.64
GREEN_VALUE_BZ01_NDR_MS_N;26674;30/09/2025 19:30;.02
GREEN_VALUE_BZ01_NDR_MS_N;26674;30/09/2025 19:45;0
GREEN_VALUE_BZ01_NDR_MS_N;26674;30/09/2025 20:00;0
GREEN_VALUE_BZ01_NDR_MS_N;26674;30/09/2025 20:15;0
GREEN_VALUE_BZ01_NDR_MS_N;26674;30/09/2025 20:30;0
GREEN_VALUE_BZ01_NDR_MS_N;26674;30/09/2025 20:45;0
GREEN_VALUE_BZ01_NDR_MS_N;26674;30/09/2025 21:00;0
GREEN_VALUE_BZ01_NDR_MS_N;26674;30/09/2025 21:15;0
GREEN_VALUE_BZ01_NDR_MS_N;26674;30/09/2025 21:30;0
GREEN_VALUE_BZ01_NDR_MS_N;26674;30/09/2025 21:45;0
GREEN_VALUE_BZ01_NDR_MS_N;26674;30/09/2025 22:00;0
GREEN_VALUE_BZ01_NDR_MS_N;26674;30/09/2025 22:15;0
GREEN_VALUE_BZ01_NDR_MS_N;26674;30/09/2025 22:30;0
GREEN_VALUE_BZ01_NDR_MS_N;26674;30/09/2025 22:45;0
GREEN_VALUE_BZ01_NDR_MS_N;26674;30/09/2025 23:00;0
GREEN_VALUE_BZ01_NDR_MS_N;26674;30/09/2025 23:15;0
GREEN_VALUE_BZ01_NDR_MS_N;26674;30/09/2025 23:30;0
GREEN_VALUE_BZ01_NDR_MS_N;26674;30/09/2025 23:45;0
GREEN_VALUE_BZ01_NDR_MS_N;26674;30/09/2025 24:00;0
GREEN_VALUE_BZ01_NDR_MS_N;26674;01/10/2025 00:15;0
GREEN_VALUE_BZ01_NDR_MS_N;26674;01/10/2025 00:30;0
GREEN_VALUE_BZ01_NDR_MS_N;26674;01/10/2025 00:45;0
GREEN_VALUE_BZ01_NDR_MS_N;26674;01/10/2025 01:00;0
